1622688200704287629,3,-0.551130,0.176339,0.143446,0.144706,0.199775
1622688208083473623,6,-0.069866,0.036120,0.111280,0.099206,0.199624
1622688212213892205,9,0.460624,0.170629,0.128157,0.125951,0.199452
1622688218968001453,12,0.564439,0.251042,0.267357,0.273609,0.199270
1622688225941800809,15,0.193397,0.050825,0.155750,0.145155,0.199086
1622688230459450884,18,-0.251438,0.048638,0.104198,0.114482,0.198905
1622688236596868381,21,-0.311099,0.076989,0.138276,0.126128,0.198730
1622688241663233929,24,-0.061350,0.036590,0.086102,0.098178,0.198565
1622688247184048928,27,-0.023642,0.026685,0.113446,0.125287,0.198407
1622688253900276013,30,-0.147771,0.041749,0.202650,0.230050,0.198253
1622688257229801349,33,-0.123416,0.037890,0.153896,0.166095,0.198099
1622688264055098063,36,0.050997,0.030588,0.076614,0.079127,0.197941
1622688267300953291,39,0.175329,0.049314,0.126072,0.134021,0.197775
1622688274099655951,42,0.015768,0.027626,0.125413,0.124937,0.197603
1622688280724255110,45,-0.277475,0.054896,0.091939,0.100610,0.197424
1622688285412425167,48,-0.184988,0.034986,0.083854,0.084098,0.197244
1622688291344503059,51,0.067118,0.018797,0.260942,0.262472,0.197067
1622688295441487468,54,0.234298,0.041929,0.119627,0.111892,0.196895
1622688300526420369,57,0.005837,0.010411,0.147975,0.155843,0.196730
1622688306678804571,60,-0.170942,0.026055,0.085190,0.086100,0.196571
1622688311958387805,63,-0.015403,0.012128,0.103173,0.109053,0.196418
1622688318841918879,66,0.063729,0.014482,0.071829,0.072309,0.196267
1622688323651552263,69,0.079026,0.017111,0.077698,0.078567,0.196113
1622688329834416883,72,0.056269,0.014611,0.133111,0.127335,0.195954
1622688336769105065,75,-0.021427,0.013512,0.109046,0.115861,0.195792
1622688340810667251,78,-0.133103,0.018940,0.125576,0.123105,0.195626
1622688347974398121,81,0.060454,0.014682,0.224394,0.218872,0.195460
1622688350548179980,84,0.144860,0.038678,0.231135,0.226536,0.195294
1622688357556026755,87,-0.138859,0.025126,0.203870,0.211156,0.195130
1622688364390801344,90,-0.099583,0.017013,0.074256,0.077421,0.194971
1622688367137614133,93,0.095859,0.027536,0.127620,0.144167,0.194815
1622688372237317313,96,0.026374,0.022959,0.248564,0.247979,0.194659
1622688377099370768,99,-0.009744,0.014032,0.226582,0.222515,0.194505
1622688381377247255,102,0.059012,0.012716,0.152114,0.149953,0.194351
1622688386958182817,105,-0.037576,0.014194,0.077826,0.075946,0.194197
1622688392108770732,108,-0.069512,0.015259,0.127858,0.126588,0.194045
1622688398626706587,111,-0.027013,0.015084,0.137696,0.140902,0.193892
1622688401829436303,114,0.084025,0.014876,0.122667,0.123093,0.193736
1622688408471465198,117,0.016100,0.018652,0.252429,0.253408,0.193573
1622688415443230689,120,-0.123316,0.027663,0.148219,0.147283,0.193404
1622688419049486313,123,0.101594,0.030399,0.178984,0.181066,0.193224
1622688426007426522,126,0.075048,0.023780,0.509033,0.505796,0.193042
1622688431181107189,129,-0.062507,0.025818,0.107187,0.112931,0.192861
1622688437910517841,132,-0.278123,0.062239,0.095528,0.101330,0.192685
1622688444587525764,135,0.187820,0.037001,0.107402,0.106589,0.192516
1622688449738839268,138,0.297939,0.061566,0.129579,0.130429,0.192356
1622688456726956615,141,-0.085431,0.020713,0.098872,0.101676,0.192201
1622688461459604186,144,-0.200532,0.035850,0.107882,0.108918,0.192053
1622688468909293072,147,0.034041,0.013262,0.133213,0.127017,0.191908
1622688474990973990,150,0.096344,0.017269,0.094812,0.093541,0.191761
1622688478582302736,153,-0.044677,0.021077,0.130743,0.128144,0.191607
1622688484846656139,156,-0.045086,0.025435,0.103143,0.106167,0.191444
1622688490002602158,159,0.079555,0.017737,0.167864,0.172269,0.191267
1622688496659419973,162,0.101976,0.030868,0.177744,0.176852,0.191081
1622688503285716232,165,-0.230613,0.044350,0.152801,0.151593,0.190887
1622688506763515599,168,0.101546,0.030939,0.189659,0.179370,0.190693
1622688513714174371,171,-0.043234,0.016921,0.160022,0.163153,0.190507
1622688518412853845,174,0.036776,0.018423,0.131067,0.129842,0.190332
1622688525029764304,177,0.090851,0.024502,0.190940,0.194441,0.190170
1622688532186902453,180,-0.084180,0.014477,0.099284,0.094334,0.190018
1622688534291272855,183,-0.048615,0.013605,0.179533,0.163657,0.189872
1622688540148161377,186,0.085140,0.014415,0.147341,0.152028,0.189729
1622688544487545627,189,-0.078743,0.016692,0.144019,0.146503,0.189582
1622688551954745295,192,0.026193,0.013934,0.141260,0.132013,0.189427
1622688557183682846,195,0.061945,0.015053,0.139082,0.136786,0.189262
1622688560199619814,198,-0.021401,0.016104,0.120967,0.121025,0.189088
1622688567218241713,201,-0.082538,0.023107,0.116260,0.117428,0.188905
1622688571573009660,204,0.016670,0.013624,0.131104,0.127945,0.188718
1622688578203651984,207,0.095471,0.020425,0.107390,0.110779,0.188536
1622688584616016816,210,0.033540,0.013182,0.167508,0.158277,0.188361
1622688589695573625,213,-0.080707,0.015797,0.110052,0.110551,0.188191
1622688596080501246,216,-0.109460,0.020293,0.135482,0.130435,0.188027
1622688600150910343,219,0.067565,0.016880,0.143385,0.136159,0.187870
1622688606253225836,222,0.135542,0.023763,0.148369,0.137040,0.187719
1622688611981440367,225,-0.193421,0.028722,0.080818,0.085392,0.187571
1622688616332764803,228,0.035325,0.020758,0.133225,0.132723,0.187420
1622688623931406055,231,0.130088,0.024620,0.186644,0.170635,0.187265
1622688627963189217,234,-0.080732,0.024738,0.123606,0.126517,0.187101
1622688635250645970,237,-0.003323,0.026802,0.132400,0.137589,0.186928
1622688642438365341,240,0.015602,0.016134,0.131492,0.121767,0.186748
1622688646523732419,243,-0.071639,0.018135,0.123959,0.121702,0.186562
1622688653983878531,246,0.117338,0.024141,0.172204,0.165825,0.186376
1622688657518258417,249,-0.024706,0.017237,0.198181,0.196538,0.186192
1622688663491297515,252,-0.001799,0.015665,0.172545,0.170266,0.186013
1622688668679487321,255,-0.074023,0.014087,0.151733,0.137760,0.185843
1622688671645284009,258,-0.006561,0.014673,0.140303,0.140771,0.185680
1622688677533379684,261,0.245049,0.045896,0.156893,0.153083,0.185524
1622688681281297908,264,-0.135433,0.023883,0.107506,0.115141,0.185373
1622688687148887550,267,-0.028070,0.015593,0.187698,0.178202,0.185219
1622688694147420899,270,0.016418,0.011900,0.088324,0.083956,0.185061
1622688697640582824,273,-0.082632,0.012727,0.125146,0.131328,0.184898
1622688704747636999,276,0.136177,0.022820,0.120253,0.115993,0.184731
1622688709852460585,279,-0.041502,0.012153,0.130715,0.135062,0.184557
1622688716294320208,282,-0.102783,0.019537,0.135777,0.133697,0.184380
1622688722474221453,285,0.098423,0.017114,0.094381,0.090266,0.184205
1622688724932705366,288,-0.114795,0.017468,0.106312,0.118410,0.184037
1622688731347894954,291,0.085272,0.022019,0.156879,0.153850,0.183880
1622688735923623101,294,0.098057,0.017397,0.149378,0.143178,0.183729
1622688742470763404,297,-0.267316,0.049680,0.191132,0.183959,0.183582
1622688749601927468,300,0.132434,0.019953,0.119428,0.137361,0.183432
1622688753887627684,303,0.173768,0.037059,0.151984,0.145928,0.183278
1622688760232773527,306,-0.150913,0.030016,0.136681,0.133450,0.183123
1622688764154524891,309,0.050661,0.015041,0.154959,0.153235,0.182963
1622688770381731614,312,0.111091,0.024719,0.137620,0.129513,0.182797
1622688777187288411,315,-0.080767,0.028963,0.098781,0.098825,0.182625
1622688779854953968,318,-0.056804,0.017146,0.169110,0.169115,0.182446
1622688785474271653,321,-0.065091,0.014973,0.138483,0.137310,0.182263
1622688789234109746,324,0.126987,0.030525,0.218687,0.231735,0.182079
1622688795505195512,327,0.051463,0.020915,0.162849,0.161612,0.181896
1622688800607071329,330,-0.014856,0.013251,0.168793,0.175600,0.181716
1622688804620196269,333,-0.078737,0.015981,0.124258,0.120971,0.181545
1622688810533851961,336,0.043847,0.016944,0.094518,0.100412,0.181381
1622688814878098348,339,0.066190,0.012317,0.240185,0.235166,0.181228
1622688822175763546,342,-0.089890,0.014858,0.134560,0.120343,0.181082
1622688828486841975,345,-0.047085,0.012125,0.115544,0.117858,0.180942
1622688832387499649,348,0.081125,0.020427,0.218135,0.209024,0.180806
1622688839379706144,351,0.090062,0.024261,0.175241,0.174491,0.180668
1622688842682235980,354,-0.148355,0.026251,0.169579,0.173831,0.180527
1622688849107903125,357,0.092423,0.023075,0.265764,0.255399,0.180378
1622688856424296170,360,-0.043977,0.013791,0.355995,0.353397,0.180223
1622688860211754254,363,0.020147,0.013738,0.155643,0.153003,0.180066
1622688866514347506,366,0.088390,0.022693,0.154059,0.158397,0.179907
1622688870314256646,369,-0.170805,0.030024,0.168977,0.161929,0.179747
1622688876790791925,372,0.066673,0.018373,0.137174,0.139305,0.179590
1622688883535827348,375,-0.003992,0.010233,0.117109,0.109397,0.179434
1622688887091187755,378,-0.082998,0.024096,0.160708,0.169262,0.179277
1622688894021571712,381,0.096184,0.016794,0.118805,0.119316,0.179121
1622688898121741800,384,0.063732,0.015586,0.153751,0.149333,0.178966
1622688903786329530,387,-0.089037,0.012915,0.127477,0.124999,0.178809
1622688910961707317,390,-0.066082,0.011691,0.086499,0.085167,0.178650
1622688915851902690,393,0.099025,0.020435,0.161982,0.161333,0.178485
1622688922592789234,396,0.057980,0.016105,0.145578,0.153536,0.178317
1622688926399574695,399,-0.099492,0.015798,0.215157,0.228360,0.178149
1622688932037713350,402,-0.080801,0.018228,0.116314,0.111267,0.177983
1622688939312933848,405,0.141807,0.019771,0.118912,0.122626,0.177823
1622688944087733481,408,0.093940,0.014428,0.169843,0.170262,0.177666
1622688949662655011,411,-0.135043,0.019133,0.147396,0.137162,0.177511
1622688953905326386,414,-0.021458,0.011039,0.105972,0.106298,0.177356
1622688960436272278,417,0.001223,0.018829,0.123551,0.120083,0.177199
1622688967158362378,420,0.019040,0.012931,0.146161,0.137044,0.177037
1622688971346781805,423,-0.008934,0.011517,0.218007,0.214912,0.176873
1622688978213359058,426,-0.088955,0.024331,0.151164,0.149460,0.176710
1622688983316057777,429,-0.003035,0.010639,0.161123,0.154466,0.176547
1622688990767342775,432,0.082222,0.016098,0.131338,0.132937,0.176389
1622688996726504875,435,0.067070,0.020062,0.111157,0.109171,0.176233
1622689000045044322,438,-0.127097,0.022403,0.271220,0.261487,0.176081
1622689006252960007,441,-0.056629,0.016983,0.127661,0.120574,0.175930
1622689008431373757,444,0.078755,0.013420,0.173781,0.158504,0.175780
1622689015378799104,447,0.159064,0.024541,0.140411,0.141080,0.175632
1622689021774292396,450,-0.029674,0.009817,0.105026,0.112355,0.175485
1622689026321455228,453,-0.173377,0.025611,0.284428,0.283842,0.175337
1622689032631234259,456,0.042509,0.008929,0.122925,0.123499,0.175186
1622689034900387710,459,0.057170,0.015174,0.111134,0.108295,0.175029
1622689041622400659,462,-0.006413,0.016062,0.130770,0.127665,0.174868
1622689047533070743,465,0.065681,0.013713,0.216607,0.208929,0.174704
1622689052491538452,468,-0.098245,0.013547,0.163493,0.156676,0.174543
1622689059709652890,471,-0.109768,0.016435,0.162309,0.154987,0.174392
1622689064108265878,474,0.056639,0.017451,0.112305,0.109327,0.174253
1622689070916545831,477,0.043828,0.010440,0.103784,0.100009,0.174126
1622689077944653237,480,-0.007999,0.007679,0.105833,0.106254,0.174007
1622689081989536305,483,-0.042203,0.014480,0.114417,0.115638,0.173890
1622689088761503164,486,0.066464,0.014650,0.127232,0.128685,0.173768
1622689093492917980,489,0.030512,0.007286,0.113228,0.108108,0.173636
1622689100000950202,492,-0.067603,0.011843,0.101371,0.098862,0.173492
1622689105780923427,495,0.059637,0.013985,0.112296,0.114394,0.173334
1622689109407730266,498,0.005161,0.012105,0.214003,0.207916,0.173166
1622689115706282957,501,-0.094772,0.014496,0.107202,0.104946,0.172992
1622689120434249888,504,0.078463,0.012985,0.108277,0.099533,0.172819
1622689127370719111,507,0.090611,0.013061,0.111626,0.111144,0.172651
1622689134625003723,510,-0.169986,0.026893,0.320089,0.319331,0.172489
1622689138310823815,513,0.060613,0.009755,0.241750,0.230898,0.172333
1622689144346475439,516,-0.027610,0.011660,0.113498,0.115059,0.172182
1622689149175858260,519,0.018868,0.010094,0.093375,0.082406,0.172033
1622689156171090901,522,0.088026,0.015826,0.114405,0.107829,0.171880
1622689162045693662,525,-0.253299,0.040376,0.122303,0.133365,0.171727
1622689163860623486,528,0.115970,0.018046,0.074676,0.074014,0.171575
1622689171072757755,531,0.169485,0.028446,0.113345,0.105358,0.171427
1622689174975620593,534,-0.165874,0.029952,0.077342,0.079297,0.171275
1622689181658721046,537,0.032790,0.008754,0.093235,0.089144,0.171118
1622689188654805610,540,0.085501,0.016381,0.153475,0.143654,0.170954
1622689192847659220,543,-0.022385,0.011092,0.114057,0.107811,0.170786
1622689198502092998,546,-0.043501,0.012949,0.099101,0.095835,0.170618
1622689200810752002,549,-0.043338,0.010502,0.120848,0.113576,0.170453
1622689207113747882,552,0.073029,0.017811,0.165957,0.178438,0.170292
1622689214359016710,555,0.010197,0.015216,0.131157,0.133635,0.170133
1622689216823076221,558,-0.028481,0.011473,0.130841,0.134146,0.169979
1622689222749234256,561,-0.013871,0.011766,0.257917,0.257681,0.169830
1622689226638661878,564,0.100321,0.019857,0.167087,0.168600,0.169683
1622689232054045826,567,-0.058581,0.017074,0.111025,0.113574,0.169539
1622689237967478005,570,0.085554,0.012302,0.134766,0.124208,0.169399
1622689242587917467,573,0.107535,0.022177,0.168239,0.161401,0.169259
1622689249435777170,576,-0.282735,0.056062,0.131810,0.126500,0.169117
1622689253213117963,579,0.144888,0.018571,0.103729,0.119510,0.168974
1622689258716643471,582,0.188200,0.032939,0.126539,0.115439,0.168831
1622689264360382398,585,-0.203191,0.041758,0.134820,0.139001,0.168686
1622689269263851440,588,0.018555,0.012008,0.119157,0.109985,0.168542
1622689275979709049,591,0.046156,0.020157,0.309748,0.327729,0.168397
1622689280952762745,594,-0.061328,0.017963,0.339233,0.351511,0.168255
1622689287181499708,597,-0.042656,0.020978,0.145472,0.142312,0.168118
1622689291273829551,600,0.049165,0.018149,0.264460,0.275243,0.167985
1622689293944443577,603,0.004451,0.010928,0.119775,0.117065,0.167853
1622689298892952363,606,-0.117955,0.027094,0.125657,0.123783,0.167722
1622689303310095098,609,0.114429,0.024655,0.247074,0.243634,0.167592
1622689310509681169,612,0.018439,0.011030,0.104290,0.102973,0.167461
1622689317845274506,615,-0.081874,0.020836,0.249311,0.256763,0.167328
1622689322511547815,618,0.012886,0.016366,0.112866,0.111950,0.167196
1622689328884696270,621,-0.008363,0.010886,0.173696,0.181312,0.167063
1622689333079160475,624,0.207940,0.036423,0.129376,0.144322,0.166929
1622689337797484127,627,-0.150345,0.024660,0.252000,0.264835,0.166792
1622689342764789524,630,-0.045602,0.014006,0.131361,0.131149,0.166653
1622689347433375199,633,0.076843,0.015290,0.164945,0.167968,0.166516
1622689353939724551,636,-0.155334,0.027069,0.118529,0.122418,0.166380
1622689358371868340,639,0.230520,0.047804,0.364044,0.363859,0.166245
1622689363312167907,642,-0.005921,0.009380,0.124867,0.113032,0.166111
1622689369271323985,645,-0.203048,0.036027,0.136501,0.126921,0.165975
1622689372900535219,648,0.061472,0.021916,0.233112,0.236789,0.165841
1622689379335055242,651,0.029202,0.010991,0.117658,0.115790,0.165707
1622689383472318093,654,0.040965,0.014631,0.106621,0.102752,0.165575
1622689389685396435,657,-0.002448,0.011494,0.140308,0.135429,0.165443
1622689396663137074,660,-0.025917,0.011478,0.281445,0.281091,0.165314
1622689401143261209,663,0.085944,0.024486,0.257116,0.236210,0.165185
1622689406501800940,666,-0.203051,0.033318,0.180940,0.182561,0.165055
1622689410667241043,669,0.119688,0.021938,0.136405,0.129169,0.164922
1622689415998636995,672,0.093626,0.018435,0.115608,0.112406,0.164789
1622689421752456553,675,-0.111203,0.016392,0.117976,0.117991,0.164654
1622689426379400501,678,0.115688,0.016959,0.142795,0.148797,0.164517
1622689432643682288,681,-0.148036,0.021983,0.217946,0.227581,0.164381
1622689437375538297,684,0.086811,0.025057,0.137944,0.144491,0.164245
1622689443669140805,687,0.074219,0.022840,0.230964,0.231122,0.164109
1622689449946427925,690,0.005929,0.015323,0.125801,0.125370,0.163973
1622689454458534333,693,-0.027215,0.028194,0.175797,0.173632,0.163834
1622689460494776485,696,-0.087142,0.024483,0.117037,0.118606,0.163693
1622689462605557099,699,0.007280,0.014710,0.140564,0.140533,0.163551
1622689470009457993,702,0.076117,0.017146,0.427075,0.392122,0.163408
1622689477237589063,705,-0.028503,0.015091,0.214542,0.225850,0.163268
1622689481451586921,708,0.038260,0.024160,0.169915,0.170782,0.163131
1622689486005863800,711,-0.019411,0.014538,0.146359,0.139254,0.162997
1622689490226043635,714,0.063963,0.017298,0.457779,0.432159,0.162864
1622689497032676604,717,-0.023602,0.023319,0.244437,0.237800,0.162729
1622689503514835179,720,-0.172127,0.039749,0.105852,0.115896,0.162593
1622689508734118175,723,0.092829,0.018038,0.285022,0.275545,0.162459
1622689515947807656,726,0.043648,0.010367,0.119104,0.113744,0.162327
1622689520182150370,729,-0.110877,0.025909,0.373806,0.376871,0.162194
1622689527205907173,732,0.192985,0.035179,0.249480,0.232050,0.162058
1622689533677246757,735,0.043271,0.014708,0.238509,0.216206,0.161918
1622689537682528968,738,-0.229590,0.036642,0.128429,0.121965,0.161773
1622689543112980927,741,0.077555,0.016955,0.124221,0.132681,0.161621
1622689546503571636,744,0.064911,0.020019,0.158750,0.165422,0.161463
1622689553461823044,747,-0.020765,0.013020,0.145651,0.147995,0.161304
1622689559936751838,750,-0.072741,0.014713,0.152866,0.146840,0.161147
1622689564126281897,753,0.013271,0.014529,0.098727,0.104631,0.160998
1622689570222250022,756,0.065028,0.011038,0.099034,0.102671,0.160860
1622689573967404587,759,0.072750,0.022818,0.123291,0.114864,0.160734
1622689580867893394,762,-0.140289,0.025449,0.273081,0.265273,0.160613
1622689587568484856,765,-0.025217,0.011249,0.116047,0.114491,0.160493
1622689592482651576,768,0.083697,0.022062,0.128037,0.118748,0.160367
1622689599671637470,771,0.136595,0.035670,0.125109,0.128329,0.160233
1622689604371879097,774,-0.019755,0.016687,0.112012,0.111847,0.160094
1622689610867659114,777,-0.138386,0.023916,0.107447,0.110833,0.159947
1622689617873223912,780,0.118582,0.029403,0.129216,0.134398,0.159795
1622689620699869734,783,-0.074004,0.014663,0.146115,0.140858,0.159644
1622689627067512698,786,-0.035924,0.013131,0.119743,0.122522,0.159493
1622689631699625741,789,0.141793,0.024341,0.256793,0.235651,0.159345
1622689638496101295,792,-0.122095,0.019821,0.151565,0.163312,0.159202
1622689643731664736,795,0.115857,0.017535,0.111863,0.116376,0.159063
1622689646883572314,798,-0.065829,0.017425,0.262261,0.264040,0.158928
1622689653211849717,801,0.103207,0.014018,0.128082,0.124999,0.158792
1622689657943156661,804,-0.070392,0.010143,0.121927,0.120309,0.158653
1622689663922427587,807,-0.156143,0.025339,0.128333,0.138069,0.158512
1622689671211299880,810,0.241173,0.045801,0.115662,0.114089,0.158365
1622689676428730546,813,-0.132771,0.020339,0.102872,0.101684,0.158215
1622689683466479138,816,-0.060332,0.014361,0.215844,0.215939,0.158063
1622689687954386306,819,0.282726,0.051002,0.162893,0.176806,0.157913
1622689695248208302,822,-0.161511,0.031750,0.351199,0.353723,0.157764
1622689702306657702,825,-0.055480,0.014582,0.252145,0.232431,0.157615
1622689706671933549,828,0.051022,0.025331,0.348605,0.338447,0.157467
1622689712427611178,831,-0.145975,0.026576,0.131867,0.139281,0.157324
1622689716828693032,834,0.168761,0.031436,0.278174,0.278458,0.157185
1622689721786974220,837,-0.021183,0.016437,0.232052,0.221891,0.157048
1622689728125706266,840,-0.221497,0.049472,0.133854,0.132605,0.156913
1622689732055528039,843,0.168416,0.023714,0.232695,0.236714,0.156780
1622689738607536624,846,0.028492,0.011049,0.171428,0.199562,0.156647
1622689741793792178,849,-0.038072,0.013697,0.193926,0.184630,0.156514
1622689747528277533,852,-0.045010,0.010347,0.310737,0.291399,0.156380
1622689753929047028,855,-0.086315,0.013528,0.288056,0.278740,0.156247
1622689758750321163,858,-0.011635,0.008785,0.254747,0.238302,0.156115
1622689765776442263,861,0.074763,0.011269,0.219475,0.217717,0.155986
1622689770639541474,864,0.033972,0.007720,0.164132,0.166137,0.155861
1622689777213670526,867,-0.056010,0.013048,0.137798,0.160137,0.155739
1622689783055745389,870,-0.005847,0.009691,0.096815,0.098755,0.155614
1622689785983751946,873,0.026117,0.013478,0.117460,0.110912,0.155487
1622689792126313027,876,0.017745,0.016643,0.127771,0.126017,0.155356
1622689797054988612,879,0.075390,0.017518,0.162553,0.143662,0.155220
1622689803777693245,882,-0.201475,0.035225,0.211504,0.235867,0.155082
1622689810433664981,885,0.085910,0.015069,0.118522,0.123137,0.154941
1622689812743901573,888,0.170175,0.022219,0.180143,0.153866,0.154801
1622689819313155996,891,-0.074753,0.014058,0.136224,0.129905,0.154666
1622689821957579704,894,-0.043741,0.014001,0.136973,0.148629,0.154537
1622689827592640651,897,-0.090493,0.011891,0.116762,0.123358,0.154412
1622689833288164015,900,0.106377,0.015037,0.083686,0.090567,0.154286
1622689837342104196,903,0.058963,0.012155,0.097578,0.092806,0.154160
1622689844609159810,906,0.011641,0.010469,0.186807,0.182796,0.154028
1622689849098234942,909,-0.040884,0.011626,0.185601,0.182567,0.153890
1622689854608044112,912,-0.046217,0.012034,0.134563,0.130669,0.153745
1622689861455857750,915,0.065264,0.014202,0.142022,0.132875,0.153601
1622689866070766183,918,-0.016323,0.009604,0.235121,0.252045,0.153457
1622689872051477864,921,0.051553,0.009907,0.114386,0.123089,0.153322
1622689876617075127,924,-0.063062,0.013271,0.110019,0.105451,0.153193
1622689882019178989,927,0.074507,0.012777,0.129753,0.139486,0.153071
1622689888890006895,930,0.051701,0.009673,0.343787,0.332006,0.152952
1622689893077462318,933,-0.047363,0.010602,0.111656,0.104476,0.152832
1622689899851911270,936,-0.088736,0.015120,0.118755,0.119446,0.152709
1622689904572805246,939,-0.018631,0.009598,0.108109,0.105229,0.152579
1622689911828983541,942,0.126293,0.019111,0.256417,0.255715,0.152441
1622689918511275398,945,0.069951,0.012865,0.133838,0.131557,0.152298
1622689922899692270,948,-0.233502,0.034672,0.115453,0.116341,0.152154
1622689929069275312,951,0.178332,0.031784,0.178310,0.180564,0.152012
1622689932843502465,954,0.103669,0.029557,0.105641,0.099616,0.151872
1622689939738142016,957,-0.201130,0.028644,0.099837,0.092654,0.151738
1622689945996029783,960,-0.046189,0.006869,0.092620,0.089871,0.151612
1622689949247762460,963,0.159823,0.022694,0.156572,0.165492,0.151494
1622689956338315905,966,0.007740,0.018427,0.130773,0.118657,0.151376
1622689960845044756,969,-0.063981,0.016795,0.147183,0.143168,0.151255
1622689965587267986,972,0.136059,0.017886,0.139349,0.146276,0.151131
1622689972671078902,975,-0.121750,0.015631,0.122729,0.118021,0.151005
1622689977430252985,978,0.077601,0.016080,0.091257,0.088024,0.150880
1622689984555300062,981,-0.089857,0.013703,0.145706,0.132118,0.150760
1622689987540109611,984,0.033375,0.010066,0.163971,0.160735,0.150644
1622689992661341343,987,0.071122,0.011606,0.133312,0.134875,0.150534
1622689997579160090,990,-0.132470,0.017448,0.203138,0.182956,0.150424
1622690001338335501,993,0.122695,0.017086,0.268315,0.258401,0.150313
1622690007920709827,996,0.008853,0.011508,0.138705,0.140028,0.150199
1622690010461850851,999,-0.183240,0.024324,0.157844,0.159312,0.150078
1622690017136804979,1002,0.273518,0.064303,0.152042,0.167458,0.149950
1622690023380402711,1005,-0.237903,0.037051,0.251789,0.260690,0.149820
1622690028237505518,1008,-0.037502,0.014575,0.157391,0.152988,0.149686
1622690034413825439,1011,0.177516,0.025756,0.111407,0.103471,0.149551
1622690039434294128,1014,-0.095496,0.013343,0.240935,0.239822,0.149416
1622690044373215329,1017,0.050133,0.013991,0.116849,0.112251,0.149280
1622690051253453245,1020,-0.132322,0.018176,0.247388,0.247623,0.149147
1622690054548938635,1023,0.095292,0.013621,0.280361,0.273687,0.149017
1622690060570762712,1026,0.028085,0.014967,0.291682,0.299871,0.148890
1622690064746903150,1029,0.004137,0.012174,0.109498,0.103552,0.148763
1622690071541899924,1032,-0.041425,0.008331,0.155604,0.155039,0.148633
1622690078581284621,1035,-0.009081,0.016561,0.184571,0.166679,0.148501
1622690081823850047,1038,-0.002629,0.015421,0.268552,0.260043,0.148369
1622690087926516004,1041,0.022746,0.012718,0.329041,0.306175,0.148231
1622690092751157633,1044,0.002850,0.014187,0.248002,0.249276,0.148090
1622690099473095160,1047,-0.047040,0.017340,0.195486,0.205966,0.147949
1622690106099484274,1050,0.041912,0.013908,0.129791,0.138457,0.147810
1622690110895945778,1053,0.051255,0.009314,0.147217,0.144529,0.147677
1622690116751698221,1056,0.075685,0.012690,0.252202,0.255255,0.147548
1622690121504375498,1059,-0.166341,0.022016,0.357406,0.363357,0.147422
1622690128719768212,1062,-0.011430,0.012142,0.131234,0.136305,0.147298
1622690134925395079,1065,0.003657,0.009528,0.182752,0.173539,0.147176
1622690140058032459,1068,0.027336,0.009888,0.261932,0.253231,0.147054
1622690146812220176,1071,0.075978,0.011118,0.149165,0.152752,0.146932
1622690151754976148,1074,-0.049679,0.010957,0.407718,0.396050,0.146808
1622690158847774021,1077,-0.065052,0.013763,0.125256,0.116894,0.146680
1622690163812717598,1080,0.053000,0.012341,0.285025,0.269502,0.146550
1622690167483751759,1083,0.111346,0.013741,0.130078,0.125471,0.146421
1622690172983553556,1086,-0.074358,0.011555,0.217444,0.215838,0.146291
1622690177168207387,1089,-0.027324,0.008106,0.130678,0.133189,0.146164
1622690184391875609,1092,-0.060735,0.012793,0.239141,0.227658,0.146038
1622690191242530151,1095,0.002961,0.009195,0.138662,0.143166,0.145913
1622690195896575700,1098,0.153129,0.020684,0.133998,0.136547,0.145788
1622690203033520943,1101,-0.133281,0.024354,0.134972,0.125652,0.145664
1622690207520946448,1104,0.054155,0.011667,0.132863,0.136555,0.145540
1622690213591732784,1107,-0.035246,0.012886,0.253221,0.257145,0.145412
1622690220059068512,1110,0.013749,0.007396,0.232370,0.218459,0.145283
1622690224781396099,1113,0.050742,0.011912,0.156166,0.151778,0.145152
1622690232019787143,1116,-0.118842,0.020106,0.133786,0.123602,0.145016
1622690234793968348,1119,0.104584,0.017682,0.267491,0.245726,0.144875
1622690241486812919,1122,0.067657,0.012820,0.248177,0.236151,0.144731
1622690246796466214,1125,-0.155294,0.020875,0.213836,0.225253,0.144590
1622690250539513113,1128,0.037151,0.013822,0.138507,0.145041,0.144454
1622690256249862635,1131,0.062079,0.011536,0.335701,0.317890,0.144323
1622690261262588732,1134,-0.052524,0.010115,0.316346,0.315558,0.144194
1622690266405878092,1137,-0.033089,0.008377,0.120842,0.112928,0.144067
1622690273411182499,1140,-0.021440,0.007652,0.161863,0.162904,0.143938
1622690277133941392,1143,0.029268,0.010702,0.141394,0.148988,0.143807
1622690282772877248,1146,0.073965,0.010239,0.102133,0.098299,0.143672
1622690287126283061,1149,-0.086423,0.015961,0.242319,0.232127,0.143533
1622690294090091426,1152,-0.126570,0.020266,0.115187,0.110746,0.143389
1622690301304833941,1155,0.134601,0.021026,0.311950,0.301378,0.143243
1622690304167896297,1158,0.068078,0.016135,0.089418,0.102094,0.143094
1622690309966803413,1161,-0.198965,0.045864,0.109972,0.110255,0.142948
1622690313791674435,1164,0.173951,0.023506,0.099392,0.092716,0.142807
1622690318492131396,1167,0.058981,0.011843,0.126492,0.125646,0.142674
1622690323028571455,1170,-0.163846,0.024679,0.126686,0.122449,0.142550
1622690325731050298,1173,0.069569,0.015156,0.137975,0.137300,0.142432
1622690331660706937,1176,0.062832,0.010142,0.109253,0.108701,0.142316
1622690334583233199,1179,-0.133067,0.026592,0.125547,0.127530,0.142197
1622690341764088036,1182,0.066946,0.010183,0.246198,0.228784,0.142075
1622690347803224648,1185,0.099557,0.015318,0.337983,0.336019,0.141949
1622690352213832667,1188,-0.056593,0.010938,0.123497,0.124925,0.141818
1622690358632399996,1191,-0.041678,0.012669,0.137706,0.136688,0.141685
1622690361550756177,1194,-0.095544,0.013474,0.127270,0.128778,0.141549
1622690367681303362,1197,0.112470,0.020702,0.114469,0.116385,0.141417
1622690371978650924,1200,0.053448,0.018814,0.225582,0.222563,0.141290
1622690376802594891,1203,-0.163187,0.022804,0.124302,0.117591,0.141174
1622690382767834924,1206,-0.049795,0.012046,0.249956,0.231980,0.141069
1622690385982029604,1209,0.208084,0.035198,0.113735,0.115040,0.140970
1622690391793436428,1212,-0.106119,0.017367,0.155787,0.151296,0.140871
1622690398757572735,1215,0.083690,0.010411,0.104730,0.102513,0.140771
1622690402164166461,1218,-0.074549,0.011993,0.113312,0.113416,0.140666
1622690408339341706,1221,0.007736,0.009701,0.218765,0.224186,0.140556
1622690411118368168,1224,0.093314,0.013257,0.142808,0.140977,0.140442
1622690417585783200,1227,-0.105616,0.017663,0.166440,0.167437,0.140327
1622690422766653098,1230,0.079844,0.011357,0.111678,0.119889,0.140214
1622690427506131744,1233,-0.102756,0.015277,0.093045,0.091592,0.140102
1622690433659280880,1236,0.038725,0.012846,0.239013,0.232698,0.139992
1622690437281408417,1239,0.114086,0.017144,0.146914,0.133281,0.139883
1622690444335305211,1242,-0.270354,0.050410,0.262361,0.247111,0.139774
1622690450718230114,1245,0.162714,0.020626,0.121009,0.122133,0.139663
1622690454696019391,1248,0.041285,0.007953,0.104411,0.104095,0.139551
1622690460934482906,1251,-0.048887,0.010948,0.160176,0.155580,0.139437
1622690466087495265,1254,0.077956,0.014639,0.105928,0.102857,0.139322
1622690471595047710,1257,-0.102787,0.014186,0.283332,0.282552,0.139207
1622690477307720442,1260,-0.120991,0.014038,0.388590,0.384897,0.139095
1622690480321788895,1263,0.148720,0.020851,0.445468,0.440907,0.138982
1622690486739491506,1266,0.034906,0.010051,0.117568,0.112744,0.138867
1622690490782136685,1269,-0.200107,0.032356,0.089429,0.090499,0.138753
1622690497074374473,1272,0.175895,0.026911,0.108935,0.107751,0.138639
1622690503855325993,1275,-0.044004,0.010043,0.146332,0.142311,0.138527
1622690507173594681,1278,0.080040,0.011350,0.119790,0.115636,0.138418
1622690513228961401,1281,-0.086011,0.013775,0.225596,0.221779,0.138310
1622690518091391374,1284,-0.063764,0.010583,0.107214,0.104223,0.138202
1622690524971354325,1287,0.255981,0.043474,0.237299,0.233598,0.138096
1622690530903313101,1290,-0.138166,0.017891,0.266393,0.261127,0.137989
1622690534821471919,1293,-0.162598,0.021303,0.117884,0.116177,0.137881
1622690541842958126,1296,0.141498,0.021757,0.139329,0.138746,0.137777
1622690545845057059,1299,0.092698,0.017433,0.110555,0.101375,0.137675
1622690552437412898,1302,-0.180482,0.028460,0.099896,0.096768,0.137573
1622690558814732449,1305,0.029131,0.007215,0.101796,0.105209,0.137468
1622690562496151816,1308,0.091151,0.014239,0.213539,0.202017,0.137362
1622690569220982051,1311,-0.021981,0.016160,0.204949,0.227039,0.137254
1622690571854850555,1314,-0.008297,0.013673,0.116370,0.117048,0.137143
1622690577933489587,1317,-0.155469,0.022742,0.178961,0.180861,0.137030
1622690584821007684,1320,0.240662,0.038908,0.233394,0.228623,0.136915
1622690589455013685,1323,-0.030199,0.019789,0.115726,0.106068,0.136799
1622690594783407112,1326,-0.173091,0.024432,0.385203,0.389829,0.136684
1622690598975853299,1329,0.241652,0.041832,0.153190,0.143360,0.136574
1622690602693518441,1332,-0.187248,0.034034,0.207587,0.197418,0.136467
1622690608998525846,1335,0.177041,0.029038,0.280443,0.286057,0.136365
1622690613438587200,1338,-0.183299,0.031527,0.138519,0.131487,0.136266
1622690619846965068,1341,-0.089246,0.018245,0.075658,0.077616,0.136171
1622690623179588787,1344,0.253479,0.050749,0.285726,0.293032,0.136077
1622690630351437371,1347,-0.119819,0.023585,0.128361,0.117243,0.135978
1622690636928757353,1350,-0.047446,0.018053,0.216581,0.216614,0.135873
1622690641245502591,1353,0.024630,0.015243,0.140728,0.130996,0.135764
1622690646701052313,1356,0.037180,0.011622,0.157122,0.153713,0.135649
1622690649588657873,1359,0.108674,0.023509,0.603352,0.584910,0.135533
1622690655351120483,1362,-0.050140,0.016759,0.242125,0.216567,0.135418
1622690661238588910,1365,-0.279429,0.046951,0.103117,0.101551,0.135305
1622690666377547121,1368,0.252459,0.046037,0.117373,0.113670,0.135194
1622690671838679307,1371,0.104165,0.016018,0.145860,0.142050,0.135083
1622690676018224996,1374,-0.313550,0.061517,0.154895,0.136502,0.134976
1622690683242586826,1377,0.208675,0.033968,0.134997,0.147735,0.134871
1622690689907928165,1380,-0.014677,0.007731,0.233586,0.204810,0.134767
1622690694811006164,1383,-0.111834,0.015458,0.133718,0.124203,0.134664
1622690701293481158,1386,0.187129,0.030297,0.142139,0.135881,0.134561
1622690704334218959,1389,-0.047733,0.010697,0.099523,0.081844,0.134456
1622690711630446287,1392,-0.174158,0.027684,0.114230,0.110689,0.134347
1622690717655452733,1395,0.218440,0.034931,0.125103,0.120159,0.134236
1622690721614547176,1398,-0.016336,0.014035,0.266295,0.282519,0.134125
1622690727814382307,1401,-0.107749,0.015000,0.108874,0.104329,0.134019
1622690732671559623,1404,0.073563,0.015800,0.267501,0.260123,0.133914
1622690738901359846,1407,0.002287,0.012960,0.261971,0.271852,0.133811
1622690745058679327,1410,0.004666,0.013334,0.159404,0.153402,0.133711
1622690750138864865,1413,-0.034816,0.014734,0.348478,0.352249,0.133614
1622690756022857404,1416,0.019236,0.011607,0.135428,0.137210,0.133519
1622690759934696619,1419,0.048333,0.014437,0.139661,0.129762,0.133423
1622690764761507404,1422,-0.171553,0.027005,0.111207,0.104854,0.133323
1622690771890653725,1425,0.061134,0.011513,0.162634,0.158633,0.133219
1622690776542956831,1428,0.278173,0.050730,0.301661,0.304565,0.133111
1622690783700969289,1431,-0.283163,0.061399,0.129307,0.128584,0.133000
1622690787322783129,1434,-0.028039,0.021025,0.122330,0.120174,0.132889
1622690793280777101,1437,0.383767,0.088941,0.146631,0.139457,0.132777
1622690799771182055,1440,-0.139631,0.020818,0.133874,0.140828,0.132670
1622690804644390218,1443,-0.130425,0.024648,0.250212,0.253939,0.132566
1622690811784090309,1446,0.030307,0.010123,0.128797,0.127034,0.132463
1622690815868450454,1449,-0.121775,0.022596,0.200504,0.207821,0.132359
1622690822529274237,1452,0.148454,0.022198,0.117654,0.118794,0.132255
1622690828027668505,1455,0.046522,0.013448,0.130249,0.119825,0.132152
1622690832119554571,1458,-0.145237,0.025710,0.124857,0.121910,0.132051
1622690837541786483,1461,0.046707,0.011685,0.094256,0.100888,0.131951
1622690841656913012,1464,0.080298,0.015053,0.130518,0.123806,0.131852
1622690846999849287,1467,-0.010072,0.011326,0.117957,0.113855,0.131756
1622690853545825344,1470,0.016541,0.007214,0.215532,0.205007,0.131661
1622690857763482862,1473,-0.113911,0.015842,0.116327,0.116216,0.131569
1622690863994281181,1476,-0.162157,0.021442,0.505072,0.474054,0.131477
1622690867871597757,1479,0.253768,0.043001,0.109568,0.113070,0.131385
1622690873768994257,1482,0.120380,0.013884,0.109053,0.105838,0.131295
1622690880443345390,1485,-0.147284,0.019529,0.126402,0.138597,0.131205
1622690885111768612,1488,-0.040419,0.009210,0.107960,0.105361,0.131114
1622690891365393122,1491,-0.041248,0.010360,0.095861,0.098302,0.131023
1622690893815073550,1494,0.064263,0.012291,0.336109,0.317249,0.130931
1622690901038346661,1497,0.092311,0.011802,0.139673,0.136376,0.130837
1622690907752382106,1500,-0.103803,0.016320,0.123565,0.117612,0.130742
1622690910930068391,1503,0.040471,0.012872,0.163944,0.155262,0.130645
1622690916060697196,1506,0.121720,0.017214,0.255634,0.253897,0.130548
1622690921126437762,1509,-0.036097,0.008968,0.120039,0.126038,0.130449
1622690928374969864,1512,-0.089256,0.012888,0.212659,0.201095,0.130347
1622690934751690231,1515,0.039526,0.011062,0.122570,0.129367,0.130242
1622690937849423108,1518,-0.009853,0.009594,0.116298,0.113707,0.130134
1622690944777511908,1521,-0.055925,0.009053,0.084018,0.082177,0.130026
1622690948863469905,1524,0.037907,0.006278,0.117415,0.116896,0.129922
1622690955427294467,1527,0.052867,0.011850,0.107739,0.106432,0.129819
1622690962735689473,1530,-0.048528,0.010713,0.176988,0.151739,0.129718
1622690966699730401,1533,0.112016,0.018827,0.109325,0.106150,0.129617
1622690973095897785,1536,-0.099465,0.013527,0.259713,0.252440,0.129516
1622690977942466274,1539,-0.037950,0.011151,0.120635,0.120626,0.129414
1622690984544078963,1542,0.147435,0.020752,0.288627,0.283545,0.129308
1622690990105954401,1545,-0.038850,0.008763,0.083861,0.086693,0.129197
1622690993746600158,1548,-0.135587,0.019039,0.292398,0.287570,0.129081
1622690997813879670,1551,0.077032,0.014316,0.268546,0.255417,0.128963
1622691000525193993,1554,0.018200,0.011994,0.318200,0.320585,0.128842
1622691005683810871,1557,-0.016131,0.015038,0.280479,0.275085,0.128720
1622691011896059736,1560,-0.003011,0.011408,0.119452,0.115258,0.128600
1622691014582949176,1563,0.046747,0.011237,0.430552,0.418239,0.128484
1622691020786065740,1566,0.125456,0.019046,0.265030,0.257457,0.128370
1622691026267467092,1569,-0.181654,0.028543,0.248675,0.246139,0.128256
1622691031526204651,1572,-0.038527,0.019044,0.322791,0.322831,0.128143
1622691037992241802,1575,0.217768,0.035237,0.179858,0.167454,0.128029
1622691042211741126,1578,-0.157469,0.024108,0.112986,0.111498,0.127914
1622691048129069142,1581,-0.049148,0.014989,0.259413,0.267729,0.127799
1622691051597108174,1584,0.108920,0.020104,0.289375,0.283560,0.127681
1622691058362337749,1587,0.016815,0.011584,0.112567,0.108659,0.127562
1622691064837171476,1590,-0.070528,0.011699,0.108693,0.101596,0.127445
1622691069348014766,1593,0.023502,0.009238,0.117027,0.119231,0.127330
1622691075014083058,1596,0.041713,0.011446,0.252856,0.265877,0.127215
1622691079970778673,1599,-0.079228,0.015703,0.085845,0.086796,0.127101
1622691086611436365,1602,0.020731,0.015369,0.090322,0.085573,0.126989
1622691091227518706,1605,0.080081,0.010170,0.101712,0.102295,0.126877
1622691095755514419,1608,-0.119898,0.020314,0.209564,0.210623,0.126767
1622691102855005844,1611,0.053470,0.008993,0.115823,0.113506,0.126662
1622691107499218604,1614,0.085434,0.015057,0.298051,0.297758,0.126559
1622691114622188636,1617,-0.035546,0.013022,0.123712,0.121838,0.126457
1622691121683979889,1620,-0.107779,0.015087,0.194073,0.185108,0.126355
1622691125907270778,1623,0.074442,0.012746,0.220049,0.218044,0.126253
1622691132247886096,1626,0.034507,0.009547,0.102941,0.107434,0.126151
1622691137028108544,1629,-0.047752,0.010847,0.132599,0.128974,0.126052
1622691143049363602,1632,0.044896,0.010237,0.141322,0.143834,0.125953
1622691149537221587,1635,-0.022153,0.007089,0.103929,0.102240,0.125857
1622691153673692115,1638,0.025673,0.006776,0.134362,0.134349,0.125759
1622691159599390282,1641,0.009577,0.011828,0.242028,0.240995,0.125661
1622691163874608260,1644,-0.058639,0.014099,0.094722,0.086481,0.125560
1622691170357311100,1647,-0.034820,0.010737,0.431497,0.454632,0.125459
1622691176242791817,1650,0.180209,0.037134,0.134516,0.127368,0.125356
1622691180321282839,1653,-0.186802,0.029056,0.433011,0.435298,0.125252
1622691186904912103,1656,0.035454,0.010712,0.124517,0.127675,0.125151
1622691191157061911,1659,0.084435,0.012230,0.169712,0.168064,0.125050
1622691197087971744,1662,-0.111130,0.020385,0.111509,0.102045,0.124950
1622691203341554107,1665,0.137459,0.021420,0.097526,0.095389,0.124855
1622691207175397100,1668,-0.073606,0.012243,0.275766,0.275375,0.124761
1622691214035096904,1671,-0.062112,0.009434,0.133735,0.126360,0.124666
1622691219107348889,1674,0.107668,0.015601,0.431808,0.414067,0.124574
1622691224930327387,1677,0.005460,0.013554,0.277215,0.276613,0.124485
1622691231767101111,1680,-0.035575,0.009954,0.142613,0.141037,0.124398
1622691235759412067,1683,0.011523,0.013742,0.410785,0.422786,0.124312
1622691242804192958,1686,0.028561,0.020279,0.267599,0.267460,0.124227
1622691246719860722,1689,-0.052705,0.010417,0.258282,0.253136,0.124142
1622691252942447291,1692,0.075569,0.021226,0.112637,0.108906,0.124054
1622691259258957976,1695,-0.039248,0.017153,0.232638,0.230623,0.123960
1622691263392489868,1698,0.089736,0.018724,0.162379,0.156762,0.123863
1622691270326373716,1701,0.001055,0.016702,0.219493,0.213680,0.123765
1622691273513595584,1704,-0.252494,0.046967,0.321428,0.310998,0.123664
1622691279750084585,1707,0.236231,0.042034,0.139282,0.145278,0.123564
1622691285584236483,1710,-0.018623,0.012489,0.125111,0.120980,0.123465
1622691289529607926,1713,-0.043463,0.016356,0.269394,0.270052,0.123370
1622691295819556200,1716,0.101551,0.014985,0.107044,0.104431,0.123280
1622691300001307538,1719,-0.092763,0.013718,0.250372,0.256933,0.123194
1622691306149045346,1722,0.112001,0.014416,0.097666,0.100138,0.123113
1622691311689137392,1725,-0.110476,0.014043,0.091901,0.090127,0.123032
1622691315582740747,1728,0.001663,0.011621,0.167960,0.168027,0.122951
1622691321711789631,1731,0.119583,0.019356,0.126024,0.130940,0.122867
1622691326136090472,1734,-0.189559,0.029272,0.148276,0.158553,0.122776
1622691333325637585,1737,0.129487,0.020696,0.146642,0.145440,0.122677
1622691339763881228,1740,0.128584,0.019219,0.127221,0.129210,0.122574
1622691343746209402,1743,-0.217993,0.042898,0.177511,0.186031,0.122470
1622691350569904990,1746,0.133731,0.022395,0.152893,0.149888,0.122371
1622691354555643280,1749,0.100618,0.025859,0.382459,0.378750,0.122275
1622691359700036081,1752,-0.100215,0.013666,0.099734,0.101605,0.122185
1622691366604978576,1755,-0.063420,0.011817,0.134909,0.138088,0.122101
1622691370977559226,1758,0.094949,0.019773,0.249945,0.259904,0.122017
1622691376706536731,1761,-0.006018,0.008657,0.240974,0.236018,0.121927
1622691381035204909,1764,-0.053291,0.011204,0.250220,0.239623,0.121829
1622691388162939962,1767,0.086260,0.015281,0.546809,0.535642,0.121724
1622691394894054658,1770,0.065160,0.014089,0.250793,0.249847,0.121613
1622691398641732709,1773,-0.259608,0.052489,0.299950,0.296059,0.121500
1622691405477908012,1776,0.176584,0.028153,0.208091,0.208238,0.121388
1622691408555315629,1779,0.029913,0.015670,0.165694,0.161987,0.121279
1622691415322085017,1782,-0.113759,0.015689,0.482290,0.474923,0.121178
1622691419290253095,1785,0.085430,0.012649,0.127852,0.126711,0.121083
1622691422115013246,1788,-0.102951,0.018686,0.275769,0.280812,0.120995
1622691428855678922,1791,0.014083,0.009464,0.130899,0.129493,0.120911
1622691433826629873,1794,0.039566,0.011977,0.113292,0.106624,0.120829
1622691439993671806,1797,0.005658,0.007826,0.225765,0.218328,0.120747
1622691445335174095,1800,-0.025210,0.008700,0.214183,0.210521,0.120662
1622691449387011862,1803,-0.023522,0.009980,0.254990,0.256062,0.120575
1622691455913362567,1806,0.040635,0.010832,0.122672,0.114677,0.120485
1622691458827989933,1809,-0.001565,0.011660,0.131079,0.126105,0.120391
1622691465936464020,1812,0.009067,0.007398,0.305942,0.292007,0.120294
1622691473390832379,1815,0.157115,0.022707,0.116644,0.111044,0.120197
1622691477208453297,1818,-0.220419,0.036876,0.169005,0.163176,0.120103
1622691484596641667,1821,-0.079263,0.012161,0.433782,0.422163,0.120014
1622691489327799077,1824,0.309281,0.058441,0.137708,0.137221,0.119927
1622691494221180599,1827,-0.116696,0.031746,0.298480,0.296178,0.119842
1622691499863633092,1830,-0.025289,0.009916,0.095204,0.097779,0.119759
1622691504470164830,1833,0.088707,0.012494,0.099123,0.094768,0.119676
1622691511605498928,1836,-0.076651,0.014649,0.284788,0.269915,0.119593
1622691516763896427,1839,0.121955,0.022791,0.083577,0.093553,0.119510
1622691522942010597,1842,-0.051922,0.011298,0.425810,0.405610,0.119426
1622691529774766135,1845,0.026523,0.014470,0.191490,0.186466,0.119336
1622691534032176031,1848,-0.120301,0.027134,0.244092,0.248391,0.119242
1622691540587441411,1851,0.058404,0.013244,0.132177,0.128986,0.119147
1622691545099040407,1854,0.182608,0.035201,0.168342,0.164807,0.119052
1622691551641698617,1857,-0.239388,0.038959,0.126833,0.126417,0.118958
1622691558358863053,1860,-0.026031,0.012965,0.543349,0.512141,0.118866
1622691562326120826,1863,0.129167,0.015950,0.274990,0.278762,0.118774
1622691569546968373,1866,-0.204404,0.040787,0.480400,0.488718,0.118686
1622691572308267745,1869,0.194103,0.033020,0.133130,0.141348,0.118599
1622691578482859271,1872,0.103436,0.015586,0.103669,0.099656,0.118514
1622691584969036778,1875,-0.241878,0.037894,0.111278,0.110962,0.118432
1622691589699401510,1878,0.074644,0.021027,0.322910,0.322721,0.118351
1622691595244345350,1881,0.128209,0.020534,0.113058,0.099261,0.118269
1622691598138896933,1884,-0.278716,0.055653,0.102657,0.104974,0.118185
1622691605212943991,1887,0.187820,0.026994,0.133737,0.130802,0.118096
1622691610190102439,1890,0.102257,0.014376,0.109405,0.100777,0.118002
1622691612099821939,1893,-0.190587,0.026532,0.193794,0.185788,0.117905
1622691617171882847,1896,0.113688,0.021374,0.107156,0.111857,0.117805
1622691619849321914,1899,-0.099339,0.016153,0.116028,0.119433,0.117705
1622691625483670927,1902,-0.068413,0.012220,0.448232,0.423090,0.117607
1622691632242562443,1905,0.122986,0.016130,0.110924,0.106483,0.117511
1622691635478725025,1908,-0.101904,0.019708,0.348986,0.350880,0.117413
1622691641935562950,1911,0.122983,0.016143,0.284963,0.288832,0.117318
1622691646429393424,1914,0.041423,0.010324,0.099270,0.099427,0.117226
1622691653282361354,1917,-0.198482,0.030633,0.238214,0.252476,0.117135
1622691660638953668,1920,0.088172,0.010783,0.096319,0.098068,0.117045
1622691665067618718,1923,0.003611,0.006510,0.106815,0.104426,0.116955
1622691671888733759,1926,0.069352,0.012109,0.135343,0.144525,0.116864
1622691676910195900,1929,-0.023993,0.010172,0.500300,0.507392,0.116772
1622691683961992918,1932,-0.072212,0.009491,0.121414,0.117917,0.116682
1622691688673141414,1935,0.033302,0.007425,0.106658,0.103466,0.116591
1622691692328311367,1938,0.058030,0.008286,0.093138,0.092737,0.116497
1622691697874146749,1941,-0.070944,0.010836,0.231747,0.232058,0.116404
1622691702551644448,1944,0.118275,0.014001,0.085946,0.086802,0.116312
1622691708971702297,1947,-0.114657,0.015402,0.318149,0.319221,0.116224
1622691715190073036,1950,-0.049978,0.011531,0.149622,0.128322,0.116136
1622691718399336562,1953,0.095832,0.016820,0.104069,0.103929,0.116050
1622691725070903204,1956,-0.084141,0.011233,0.096144,0.101752,0.115964
1622691729132228466,1959,0.039593,0.007361,0.084161,0.078921,0.115876
1622691735279309808,1962,0.070380,0.011454,0.117626,0.114663,0.115790
1622691740682286188,1965,-0.051429,0.009723,0.088356,0.085026,0.115700
1622691744188834339,1968,0.070041,0.009244,0.106010,0.109497,0.115609
1622691750631979661,1971,-0.053476,0.011543,0.256196,0.250281,0.115516
1622691755047931942,1974,0.010427,0.008733,0.110330,0.104053,0.115423
1622691762034252059,1977,0.042369,0.009636,0.100138,0.096345,0.115333
1622691769486833880,1980,-0.107248,0.015492,0.086724,0.091737,0.115246
1622691773663066201,1983,0.189444,0.030932,0.074467,0.080160,0.115165
1622691780434519702,1986,-0.109232,0.014432,0.113577,0.114269,0.115091
1622691784871594787,1989,-0.080158,0.011188,0.297836,0.296132,0.115022
1622691791593120035,1992,0.168312,0.024121,0.238068,0.223313,0.114954
1622691797471597957,1995,-0.086658,0.015096,0.145162,0.139492,0.114882
1622691801178533110,1998,-0.054539,0.009491,0.113873,0.105989,0.114804
1622691808274177651,2001,0.162676,0.023307,0.123694,0.117214,0.114721
1622691813115692718,2004,-0.098742,0.015443,0.299864,0.297410,0.114635
1622691819643087607,2007,-0.061385,0.015150,0.109003,0.111725,0.114549
1622691825961368503,2010,0.182667,0.025813,0.105165,0.112638,0.114468
1622691829920157665,2013,-0.128114,0.019633,0.199568,0.205260,0.114393
1622691835522431319,2016,0.043292,0.010675,0.094705,0.094188,0.114324
1622691840056390231,2019,0.059280,0.018417,0.106779,0.095755,0.114263
1622691845411513378,2022,-0.259349,0.043401,0.575444,0.571796,0.114206
1622691851613470361,2025,0.276677,0.049516,0.388344,0.395224,0.114146
1622691856704120338,2028,-0.004916,0.012951,0.091390,0.085229,0.114080
1622691863262717957,2031,-0.203025,0.037689,0.080951,0.078887,0.114006
1622691866192462212,2034,0.177106,0.024129,0.095075,0.095162,0.113923
1622691871199386890,2037,0.019216,0.011787,0.126168,0.135343,0.113835
1622691877359722418,2040,-0.029557,0.010748,0.540195,0.499729,0.113743
1622691879652889539,2043,-0.032127,0.010110,0.093700,0.092962,0.113649
1622691886170069361,2046,-0.118740,0.019380,0.288080,0.296569,0.113555
1622691890822550921,2049,0.110201,0.016936,0.080309,0.080157,0.113461
1622691896266727148,2052,0.066157,0.018541,0.329755,0.322355,0.113370
1622691901197926402,2055,-0.167944,0.020453,0.272327,0.266257,0.113280
1622691905050627217,2058,0.027775,0.011601,0.230148,0.220576,0.113191
1622691912039215342,2061,0.068188,0.016703,0.191504,0.193518,0.113105
1622691915434223049,2064,-0.028691,0.010348,0.114047,0.103928,0.113023
1622691921841541965,2067,0.126999,0.022085,0.100475,0.093741,0.112942
1622691927630991056,2070,-0.064367,0.012031,0.164513,0.157721,0.112863
1622691930661017067,2073,-0.198267,0.028495,0.265371,0.251605,0.112785
1622691937001819737,2076,0.144417,0.018768,0.083168,0.079303,0.112708
1622691941008180857,2079,0.063148,0.013412,0.107678,0.109841,0.112629
1622691947034579239,2082,-0.054921,0.012944,0.102528,0.101311,0.112548
1622691954409510160,2085,-0.046401,0.008424,0.089900,0.088360,0.112465
1622691957863812523,2088,-0.042008,0.009985,0.163548,0.158983,0.112381
1622691964329296784,2091,0.110954,0.015381,0.277853,0.269055,0.112298
1622691968281672000,2094,0.070761,0.013399,0.430715,0.418120,0.112215
1622691975487259167,2097,-0.148929,0.030253,0.280526,0.273594,0.112132
1622691982565968530,2100,-0.067515,0.007748,0.086956,0.087923,0.112049
1622691986867066324,2103,0.156481,0.026833,0.236433,0.228600,0.111967
1622691993794620987,2106,0.073666,0.016231,0.098053,0.096291,0.111887
1622691998029734638,2109,-0.038601,0.016329,0.124479,0.136057,0.111807
1622692004991489353,2112,-0.120711,0.016714,0.111304,0.106748,0.111730
1622692010304735800,2115,-0.036156,0.009598,0.260380,0.254361,0.111655
1622692014563782963,2118,0.141406,0.021071,0.089883,0.088951,0.111580
1622692021440717888,2121,0.018793,0.015754,0.118127,0.115611,0.111504
1622692026321626071,2124,-0.014356,0.011805,0.253024,0.238739,0.111428
1622692033253380723,2127,-0.076421,0.010227,0.111073,0.105582,0.111348
1622692038998005462,2130,-0.042636,0.009662,0.214328,0.206353,0.111264
1622692043729229010,2133,0.067930,0.014571,0.101054,0.096734,0.111180
1622692050041725227,2136,0.029112,0.011893,0.246176,0.239858,0.111097
1622692055058718844,2139,0.011305,0.010841,0.227383,0.228781,0.111015
1622692062273589021,2142,-0.021835,0.007400,0.240293,0.233189,0.110938
1622692068660747355,2145,-0.048498,0.008804,0.294338,0.287824,0.110864
1622692073461724691,2148,0.019205,0.009233,0.133676,0.121775,0.110794
1622692079689536851,2151,-0.006428,0.012768,0.112133,0.106909,0.110725
1622692081858744088,2154,0.040771,0.015168,0.277690,0.270120,0.110651
1622692087784295785,2157,-0.011747,0.010760,0.237046,0.235628,0.110573
1622692095074266926,2160,-0.043054,0.010770,0.261660,0.249850,0.110491
1622692100289999921,2163,0.078324,0.020073,0.117529,0.119849,0.110408
1622692106797344324,2166,-0.042385,0.013482,0.256538,0.257494,0.110328
1622692111910881762,2169,0.109626,0.018253,0.123291,0.119412,0.110251
1622692118613665114,2172,-0.104214,0.022352,0.078235,0.084250,0.110178
1622692124737346469,2175,0.013806,0.023229,0.118148,0.122688,0.110107
1622692129428888470,2178,-0.009073,0.011292,0.252424,0.253466,0.110036
1622692135670086063,2181,-0.051422,0.014589,0.140827,0.136118,0.109965
1622692139132417792,2184,-0.039560,0.018958,0.109588,0.105327,0.109888
1622692146277363433,2187,0.088750,0.014169,0.102832,0.098687,0.109803
1622692152902156932,2190,0.214132,0.031419,0.109974,0.113524,0.109715
1622692156991094106,2193,-0.182890,0.028971,0.253379,0.262107,0.109627
1622692163523227876,2196,-0.085433,0.015382,0.091576,0.086092,0.109541
1622692167467638899,2199,0.186892,0.027656,0.129551,0.122813,0.109461
1622692173993428562,2202,0.022347,0.010594,0.102495,0.099465,0.109383
1622692180778813121,2205,-0.167000,0.025429,0.206539,0.180737,0.109309
1622692184774621332,2208,0.113255,0.026754,0.150363,0.146259,0.109240
1622692191583267004,2211,-0.146197,0.022138,0.287029,0.292834,0.109170
1622692195975451989,2214,0.171259,0.025323,0.258271,0.251746,0.109100
1622692202602750617,2217,0.099493,0.015985,0.097018,0.086386,0.109026
1622692208619637638,2220,-0.261348,0.047854,0.087694,0.088583,0.108950
1622692211460081832,2223,0.095832,0.016388,0.266597,0.248776,0.108871
1622692217759805552,2226,0.131553,0.016103,0.218433,0.207652,0.108789
1622692222088253084,2229,-0.107116,0.013591,0.117720,0.109893,0.108705
1622692227153699377,2232,0.079291,0.012116,0.108835,0.111100,0.108622
1622692232301410624,2235,-0.084266,0.014331,0.661957,0.664044,0.108541
1622692236610811363,2238,0.035407,0.013974,0.105818,0.099836,0.108464
1622692242875293059,2241,0.038873,0.010215,0.253864,0.250041,0.108387
1622692247008858688,2244,0.021758,0.009855,0.123280,0.113192,0.108311
1622692253529039600,2247,0.003947,0.014502,0.112649,0.115475,0.108235
1622692260030501463,2250,-0.150527,0.020703,0.115693,0.117543,0.108157
1622692263577146779,2253,0.070546,0.011180,0.124444,0.124548,0.108077
1622692269566021328,2256,0.047583,0.009229,0.399037,0.375776,0.107997
1622692274009314347,2259,-0.053260,0.010939,0.251736,0.246170,0.107916
1622692281212336789,2262,-0.054512,0.011517,0.239380,0.216092,0.107838
1622692285801270888,2265,0.087627,0.011420,0.092009,0.096578,0.107762
1622692290424713723,2268,0.037720,0.007896,0.397130,0.377664,0.107685
1622692295410983984,2271,-0.104901,0.015020,0.097208,0.095672,0.107607
1622692299119001760,2274,-0.008228,0.010349,0.146351,0.135765,0.107531
1622692305923617728,2277,0.236414,0.040613,0.102512,0.098301,0.107458
1622692311121282033,2280,-0.145848,0.017590,0.098695,0.095599,0.107388
1622692314797126135,2283,-0.070245,0.011940,0.379887,0.354674,0.107319
1622692322123453177,2286,0.086407,0.010644,0.114948,0.108639,0.107252
1622692325583709766,2289,-0.064828,0.012454,0.141146,0.134026,0.107185
1622692331865703794,2292,0.163887,0.021542,0.120603,0.120819,0.107116
1622692337676264980,2295,-0.098094,0.012363,0.117929,0.112194,0.107046
1622692341773836300,2298,-0.190984,0.025974,0.268622,0.266638,0.106973
1622692348553303580,2301,0.117074,0.014200,0.088470,0.089162,0.106902
1622692352398874411,2304,0.116169,0.016769,0.422610,0.417445,0.106830
1622692358326523033,2307,-0.041692,0.010397,0.386600,0.369654,0.106758
1622692364082202017,2310,-0.089995,0.011578,0.091876,0.087262,0.106684
1622692366810208923,2313,0.014145,0.007315,0.107741,0.102576,0.106608
1622692373967733388,2316,0.085881,0.011306,0.096194,0.097469,0.106528
1622692378292066635,2319,0.010149,0.009977,0.117026,0.114400,0.106445
1622692384205999569,2322,-0.062643,0.010741,0.220325,0.213523,0.106360
1622692390961409207,2325,0.011994,0.009539,0.118678,0.123000,0.106276
1622692394452129268,2328,-0.022788,0.009642,0.123316,0.121542,0.106196
1622692400938128970,2331,0.040384,0.009920,0.097553,0.097855,0.106122
1622692404523951015,2334,-0.049413,0.012552,0.128478,0.122806,0.106054
1622692411326981082,2337,-0.035888,0.009208,0.123574,0.123160,0.105991
1622692417401651008,2340,0.130382,0.016546,0.102504,0.093674,0.105927
1622692421781963057,2343,-0.011817,0.009761,0.111900,0.109200,0.105862
1622692428414901188,2346,-0.134371,0.017754,0.124218,0.115546,0.105797
1622692433000708058,2349,0.066782,0.012034,0.259885,0.254409,0.105727
1622692440178572473,2352,0.027744,0.008998,0.082699,0.084002,0.105655
1622692447170285694,2355,0.096332,0.011434,0.102639,0.099745,0.105579
1622692451766994666,2358,-0.004264,0.011200,0.238803,0.236150,0.105504
1622692457613933219,2361,-0.155300,0.021822,0.126277,0.123943,0.105427
1622692461143013024,2364,0.088942,0.021015,0.217519,0.220994,0.105353
1622692467869934071,2367,-0.020502,0.008527,0.084449,0.088934,0.105281
1622692474611833835,2370,-0.024005,0.008106,0.254096,0.252288,0.105213
1622692478209192470,2373,0.140906,0.021695,0.301403,0.292090,0.105145
1622692484263484888,2376,-0.088696,0.014924,0.102264,0.104025,0.105079
1622692488847471221,2379,-0.108742,0.014446,0.114581,0.103452,0.105011
1622692495768637048,2382,0.167809,0.029141,0.343063,0.342474,0.104944
1622692501863745386,2385,0.096433,0.014496,0.252461,0.240494,0.104874
1622692504918895898,2388,-0.205211,0.033358,0.265095,0.248741,0.104801
1622692512292517835,2391,0.060101,0.012353,0.262156,0.262190,0.104727
1622692516854391540,2394,0.069664,0.013477,0.331933,0.318538,0.104652
1622692523642030321,2397,-0.149287,0.020289,0.104480,0.098439,0.104577
1622692527986134732,2400,0.211856,0.035633,0.217258,0.218656,0.104508
1622692532210550125,2403,0.000341,0.009195,0.115530,0.106095,0.104444
1622692538965760242,2406,-0.280203,0.048954,0.102107,0.102920,0.104381
1622692543990243305,2409,0.221152,0.042564,0.094765,0.096174,0.104319
1622692549595666196,2412,0.066060,0.016991,0.275773,0.268882,0.104256
1622692556614690587,2415,-0.118245,0.014308,0.415007,0.402465,0.104188
1622692560194421512,2418,0.035566,0.008510,0.152659,0.151542,0.104114
1622692566514582578,2421,-0.159801,0.022671,0.390127,0.366372,0.104031
1622692570018095320,2424,0.142551,0.019388,0.252151,0.232564,0.103945
1622692575637650358,2427,0.127282,0.018341,0.301161,0.285804,0.103855
1622692582266687268,2430,-0.144488,0.020006,0.110831,0.104896,0.103764
1622692586841188250,2433,-0.159937,0.024458,0.348108,0.329871,0.103671
1622692593463280442,2436,0.194710,0.028255,0.112246,0.102495,0.103579
1622692597475348434,2439,0.044036,0.013777,0.297554,0.287197,0.103490
1622692602929464547,2442,-0.138713,0.019236,0.234407,0.232736,0.103406
1622692609214226373,2445,0.053158,0.008683,0.401270,0.409831,0.103327
1622692612468120233,2448,0.044815,0.012462,0.443291,0.443323,0.103252
1622692617880824665,2451,-0.165973,0.023538,0.348204,0.350926,0.103182
1622692620642617167,2454,0.015397,0.010312,0.120153,0.112836,0.103117
1622692627603321382,2457,0.058847,0.010435,0.087460,0.083493,0.103056
1622692634410529326,2460,0.083257,0.016028,0.215610,0.177991,0.102996
1622692638967693538,2463,-0.029150,0.013087,0.154558,0.141708,0.102938
1622692645617896317,2466,-0.091320,0.015986,0.277451,0.274952,0.102879
1622692649467607982,2469,0.182598,0.028409,0.354890,0.347418,0.102822
1622692655663266567,2472,-0.110522,0.019653,0.213288,0.220429,0.102766
1622692662305291767,2475,-0.062283,0.016460,0.100441,0.103608,0.102711
1622692666537033629,2478,0.126957,0.021737,0.107374,0.104899,0.102656
1622692671021290738,2481,0.017111,0.006448,0.109777,0.106465,0.102603
1622692673697485181,2484,-0.043143,0.012975,0.083851,0.086010,0.102553
1622692680277255856,2487,-0.039396,0.011939,0.249524,0.247606,0.102507
1622692685657317048,2490,0.187283,0.029401,0.120935,0.121172,0.102462
1622692690683010028,2493,-0.159691,0.026707,0.445897,0.423276,0.102413
1622692696595078116,2496,-0.028576,0.009086,0.110410,0.114725,0.102358
1622692701325763409,2499,0.033035,0.012318,0.214216,0.228426,0.102295
1622692708454255679,2502,0.031294,0.010016,0.250015,0.244508,0.102227
1622692714771690155,2505,0.123878,0.015570,0.086356,0.083330,0.102154
1622692718716448273,2508,-0.190145,0.032615,0.138568,0.135145,0.102080
1622692725799586702,2511,-0.016203,0.010352,0.095507,0.097160,0.102010
1622692728270121286,2514,0.152680,0.025993,0.234562,0.230245,0.101946
1622692734517731874,2517,-0.024995,0.013466,0.216172,0.224392,0.101892
1622692740913690273,2520,-0.004483,0.007154,0.528818,0.517679,0.101841
1622692744034796378,2523,0.031844,0.010230,0.523958,0.522798,0.101792
1622692749674801962,2526,-0.234473,0.039752,0.282559,0.287748,0.101746
1622692754323216524,2529,0.246107,0.040720,0.472123,0.484273,0.101699
1622692759547403300,2532,0.086571,0.019338,0.367781,0.364492,0.101653
1622692765376806377,2535,-0.241580,0.040793,0.108849,0.105092,0.101606
1622692770048779418,2538,0.141415,0.026140,0.535158,0.520427,0.101555
1622692777111470919,2541,0.103805,0.024946,0.132502,0.127010,0.101505
1622692781462933873,2544,-0.248681,0.045200,0.428887,0.408043,0.101455
1622692787356354542,2547,0.099471,0.019609,0.463773,0.463944,0.101407
1622692792809078308,2550,0.001843,0.009924,0.222287,0.202405,0.101358
1622692797523506068,2553,-0.029609,0.011909,0.318750,0.306729,0.101312
1622692803240197141,2556,0.113343,0.014066,0.137918,0.133265,0.101268
1622692807843346364,2559,-0.147464,0.023111,0.353747,0.363865,0.101223
1622692815282812760,2562,0.013803,0.012180,0.152513,0.138781,0.101179
1622692821623607317,2565,0.149123,0.018936,0.324203,0.322089,0.101133
1622692826063418309,2568,-0.075154,0.013773,0.452740,0.457923,0.101087
1622692833049028878,2571,-0.117990,0.016138,0.490222,0.489430,0.101040
1622692837775151913,2574,0.021613,0.012443,0.098898,0.105401,0.100993
1622692844551246319,2577,0.058520,0.012028,0.219112,0.224526,0.100945
1622692851522493892,2580,-0.000597,0.008568,0.106704,0.109624,0.100897
1622692855951661900,2583,0.041753,0.009454,0.270266,0.255062,0.100851
1622692862888866956,2586,0.039560,0.010303,0.413067,0.420372,0.100803
1622692867904161000,2589,-0.247714,0.041787,0.316616,0.322061,0.100753
1622692874271730295,2592,0.123005,0.016810,0.269697,0.279775,0.100701
1622692881175754810,2595,0.156997,0.020843,0.285588,0.280912,0.100649
1622692883713385901,2598,-0.153537,0.022721,0.108582,0.109071,0.100595
1622692890734981050,2601,-0.000775,0.008181,0.080968,0.080553,0.100543
1622692895341188371,2604,0.072267,0.012403,0.112813,0.113831,0.100492
1622692902137652747,2607,-0.084095,0.013555,0.134069,0.129866,0.100442
1622692909326150426,2610,0.082147,0.011807,0.273860,0.267928,0.100392
1622692914185762305,2613,-0.021767,0.010100,0.162961,0.159778,0.100339
1622692920527076035,2616,-0.106055,0.018521,0.229538,0.196788,0.100280
1622692925500487438,2619,0.052892,0.013860,0.316375,0.316721,0.100217
1622692931248138080,2622,0.078294,0.015087,0.117281,0.118333,0.100148
1622692937931277419,2625,-0.053790,0.011296,0.260807,0.258744,0.100076
1622692942844739260,2628,0.060683,0.015732,0.292303,0.301004,0.100004
1622692949906815626,2631,-0.126739,0.017038,0.267366,0.267746,0.099932
1622692954166693861,2634,-0.026012,0.010798,0.161361,0.161252,0.099866
1622692961295508418,2637,0.152622,0.019462,0.466297,0.454697,0.099807
1622692966292753371,2640,0.039868,0.006699,0.414467,0.405958,0.099754
1622692969645034752,2643,-0.115974,0.014859,0.245645,0.238930,0.099705
1622692976097982984,2646,-0.068261,0.011904,0.085581,0.086873,0.099659
1622692979247461281,2649,0.046955,0.013397,0.316830,0.320634,0.099612
1622692984784025431,2652,0.145477,0.024138,0.300215,0.290687,0.099565
1622692991682525568,2655,-0.197816,0.031282,0.074831,0.073374,0.099515
1622692996656980619,2658,0.117851,0.016033,0.111308,0.110113,0.099457
1622693003553015948,2661,0.115583,0.014466,0.200631,0.197388,0.099391
1622693008550933777,2664,-0.205683,0.030176,0.324237,0.305966,0.099319
1622693015664933973,2667,0.173867,0.025742,0.103982,0.110711,0.099244
1622693021804277608,2670,0.004669,0.007932,0.074808,0.073548,0.099170
1622693025791722994,2673,-0.161667,0.023580,0.501852,0.504169,0.099098
1622693031770323175,2676,0.241455,0.041178,0.100713,0.104708,0.099030
1622693034359025790,2679,-0.015500,0.007485,0.413297,0.401968,0.098966
1622693040713285392,2682,-0.242284,0.041318,0.103633,0.103072,0.098908
1622693047239936544,2685,-0.016208,0.012624,0.257896,0.251189,0.098854
1622693050662469055,2688,0.276483,0.052018,0.110235,0.094854,0.098800
1622693057614340887,2691,-0.053286,0.012699,0.307728,0.301464,0.098746
1622693061381016521,2694,-0.100649,0.021857,0.072365,0.074755,0.098686
1622693068389469914,2697,-0.011621,0.010805,0.245546,0.241629,0.098622
1622693075566926069,2700,0.167872,0.022702,0.473867,0.451162,0.098552
1622693080085608404,2703,-0.019816,0.011597,0.273402,0.275789,0.098478
1622693085942881280,2706,-0.180009,0.031872,0.391402,0.419441,0.098405
1622693089320170937,2709,0.002391,0.010740,0.358818,0.350198,0.098332
1622693096531549781,2712,0.019429,0.014351,0.110707,0.099071,0.098261
1622693101794396512,2715,-0.021744,0.011720,0.072786,0.078148,0.098194
1622693105713380684,2718,0.017057,0.014523,0.418537,0.403510,0.098132
1622693112675462028,2721,0.091075,0.024048,0.133112,0.123575,0.098075
1622693117601676378,2724,-0.037800,0.010370,0.385960,0.377517,0.098023
1622693124378071459,2727,0.029645,0.008544,0.445308,0.432680,0.097974
1622693130823321141,2730,-0.086369,0.016452,0.476441,0.472319,0.097926
1622693135077747777,2733,-0.020814,0.014478,0.268939,0.270847,0.097878
1622693141589113934,2736,0.175692,0.026745,0.287972,0.294118,0.097826
1622693145868964351,2739,0.004933,0.008669,0.068220,0.074304,0.097770
1622693152734895419,2742,-0.176061,0.030659,0.230774,0.227728,0.097708
1622693158036112069,2745,0.156753,0.022653,0.644929,0.641340,0.097642
1622693163054815767,2748,-0.066790,0.025047,0.245190,0.246581,0.097572
1622693169892115548,2751,-0.045352,0.018247,0.088653,0.082967,0.097503
1622693173426990760,2754,0.178663,0.026150,0.073641,0.071078,0.097436
1622693178638240215,2757,0.021400,0.023881,0.255493,0.266655,0.097372
1622693185668843280,2760,-0.212900,0.033382,0.091432,0.084172,0.097312
1622693189134572333,2763,-0.064508,0.011947,0.519592,0.502124,0.097255
1622693196645970575,2766,0.263149,0.046742,0.457936,0.451579,0.097200
1622693200210916255,2769,-0.083908,0.018528,0.449154,0.453119,0.097144
1622693206532380156,2772,-0.101383,0.016780,0.243906,0.236347,0.097086
1622693213151708579,2775,0.070206,0.010622,0.079990,0.078623,0.097023
1622693217430992017,2778,0.011028,0.008980,0.075825,0.074417,0.096958
1622693224421461134,2781,0.026758,0.017094,0.265879,0.260818,0.096891
1622693229207891835,2784,0.012001,0.011130,0.636814,0.668339,0.096821
1622693236070931484,2787,-0.071282,0.017188,0.302691,0.286426,0.096751
1622693242483472859,2790,-0.024726,0.010758,0.371308,0.365080,0.096681
1622693247355420723,2793,0.050745,0.010153,0.772282,0.765695,0.096612
1622693254482806883,2796,0.032193,0.018728,0.120729,0.115928,0.096544
1622693258346290051,2799,-0.036372,0.014889,0.294581,0.277401,0.096475
1622693263360185590,2802,-0.033011,0.010755,0.405109,0.390792,0.096409
1622693269414266530,2805,-0.101868,0.017481,0.085033,0.071501,0.096346
1622693273284916894,2808,0.190761,0.035303,0.086473,0.092610,0.096288
1622693279876771387,2811,-0.019452,0.010877,0.269517,0.263995,0.096232
1622693283533285328,2814,-0.208894,0.029826,0.260388,0.255212,0.096172
1622693288971601144,2817,0.231813,0.037308,0.408307,0.413330,0.096108
1622693295210908250,2820,0.005087,0.008221,0.261550,0.246819,0.096037
1622693297355112880,2823,-0.150795,0.020092,0.263642,0.250548,0.095959
1622693303514551336,2826,0.114056,0.019114,0.412273,0.411559,0.095874
1622693307169781474,2829,-0.018270,0.009687,0.070006,0.064140,0.095785
1622693313675458386,2832,-0.088703,0.013080,0.212433,0.215441,0.095699
1622693319918285463,2835,0.132585,0.019380,0.097948,0.093926,0.095620
1622693323105258462,2838,0.002785,0.010480,0.771200,0.773486,0.095549
1622693329162913992,2841,-0.102441,0.014156,0.120601,0.118063,0.095487
1622693333914983399,2844,-0.115416,0.014601,0.062109,0.059496,0.095436
1622693339459862573,2847,0.077677,0.013304,0.065246,0.067501,0.095389
1622693345314348839,2850,0.131867,0.016962,0.196810,0.190487,0.095342
1622693349020127001,2853,-0.020678,0.005984,0.067885,0.063623,0.095293
1622693354930843775,2856,-0.109777,0.022316,0.224758,0.203132,0.095241
1622693358631363647,2859,0.130347,0.023636,0.070901,0.077531,0.095183
1622693364643013189,2862,0.029941,0.017212,0.073600,0.071083,0.095116
1622693371931206642,2865,-0.064984,0.010167,0.263813,0.252456,0.095041
1622693375937131615,2868,0.153148,0.020469,0.254169,0.257738,0.094961
1622693381811219477,2871,-0.148272,0.020911,0.240254,0.235559,0.094880
1622693386242439678,2874,-0.027883,0.010168,0.068307,0.064828,0.094802
1622693392591216533,2877,0.082451,0.012036,0.211134,0.214152,0.094730
1622693397140964223,2880,-0.100246,0.012646,0.087243,0.094680,0.094666
1622693400450783688,2883,0.031309,0.009823,0.165398,0.168049,0.094609
1622693405276582295,2886,-0.006323,0.005571,0.259237,0.259176,0.094555
1622693409053309738,2889,-0.011413,0.007129,0.248018,0.248060,0.094501
1622693415543514906,2892,-0.000137,0.010016,0.210669,0.203594,0.094447
1622693422663114121,2895,0.041929,0.009925,0.187342,0.183363,0.094393
1622693425007468927,2898,-0.033870,0.009362,0.099801,0.097732,0.094336
1622693432223870486,2901,0.041157,0.012263,0.450100,0.443467,0.094275
1622693435842130937,2904,0.041366,0.014816,0.235128,0.233169,0.094211
1622693443022298412,2907,-0.093813,0.020427,0.105952,0.096722,0.094142
1622693449874934614,2910,-0.128904,0.014865,0.313010,0.304260,0.094071
1622693455049612077,2913,0.112089,0.018829,0.154293,0.154804,0.093998
1622693461179623168,2916,0.097271,0.023709,0.211004,0.212379,0.093925
1622693465138893178,2919,-0.034439,0.014817,0.072882,0.072733,0.093853
1622693472179590921,2922,-0.010367,0.007711,0.276127,0.264598,0.093786
1622693479342224771,2925,0.016494,0.012719,0.089024,0.091456,0.093728
1622693483592483563,2928,-0.053694,0.018333,0.269459,0.267127,0.093680
1622693489599585114,2931,-0.092095,0.011651,0.096663,0.097263,0.093641
1622693493879792204,2934,0.077280,0.008501,0.445015,0.434660,0.093606
1622693499701678162,2937,0.043607,0.016596,0.285487,0.287128,0.093571
1622693505798311557,2940,0.003353,0.011645,0.258856,0.238024,0.093534
1622693510535394598,2943,0.044994,0.007015,0.065841,0.058819,0.093491
1622693517260691701,2946,-0.050409,0.009790,0.085761,0.089797,0.093441
1622693520509858648,2949,0.033156,0.014741,0.086594,0.091425,0.093383
1622693527898086062,2952,0.022002,0.009305,0.103600,0.098636,0.093314
1622693534667194783,2955,-0.080985,0.010886,0.090724,0.086264,0.093237
1622693538989152190,2958,-0.036563,0.012389,0.059369,0.057150,0.093159
1622693544410877368,2961,0.206024,0.029679,0.116444,0.105112,0.093080
1622693547418715757,2964,-0.133723,0.016060,0.247156,0.244446,0.093004
1622693553872001214,2967,-0.036537,0.010814,0.081887,0.083520,0.092930
1622693560646885282,2970,0.000335,0.014967,0.246734,0.235482,0.092862
1622693564370184817,2973,0.065108,0.009253,0.168175,0.165178,0.092797
1622693570867453449,2976,-0.064508,0.016335,0.103339,0.098702,0.092736
1622693575598760772,2979,0.048593,0.016090,0.092885,0.094646,0.092677
1622693580430452899,2982,0.093857,0.015855,0.237173,0.229949,0.092622
1622693587359607489,2985,-0.154439,0.022604,0.172639,0.171294,0.092567
1622693590622269289,2988,0.099896,0.018697,0.270341,0.271211,0.092513
1622693595596923955,2991,-0.026958,0.024804,0.123511,0.114213,0.092458
1622693599196410798,2994,-0.190905,0.032912,0.303894,0.287499,0.092401
1622693604992436282,2997,0.158113,0.020967,0.106227,0.102727,0.092338
1622693611406101043,3000,-0.019921,0.014647,0.270619,0.262533,0.092271
1622693616255935847,3003,-0.041083,0.012019,0.243446,0.236772,0.092198
1622693623275373260,3006,0.144713,0.020568,0.169884,0.161315,0.092123
1622693627508885390,3009,-0.098224,0.012176,0.089773,0.087620,0.092048
1622693634675709555,3012,-0.101162,0.013888,0.243460,0.233417,0.091975
1622693641461837136,3015,0.143505,0.020146,0.318550,0.316173,0.091905
1622693645736314751,3018,0.065589,0.013593,0.115903,0.103416,0.091839
1622693649757252902,3021,-0.229560,0.044143,0.119491,0.113216,0.091774
1622693654517177125,3024,0.105436,0.016177,0.082440,0.082633,0.091711
1622693659258059633,3027,0.108621,0.014401,0.087324,0.082329,0.091648
1622693665018021858,3030,-0.038876,0.009114,0.096039,0.091710,0.091589
1622693669044682334,3033,-0.030174,0.008868,0.356583,0.364554,0.091534
1622693675513799590,3036,0.001876,0.008660,0.322865,0.321081,0.091480
1622693679743539555,3039,-0.094275,0.016126,0.194667,0.203115,0.091428
1622693685569709621,3042,0.136735,0.016638,0.070986,0.078982,0.091373
1622693692272141769,3045,0.034941,0.010565,0.240013,0.236949,0.091320
1622693696617508571,3048,-0.114342,0.018324,0.280820,0.283159,0.091265
1622693701916642043,3051,0.031827,0.013271,0.267495,0.248758,0.091207
1622693705750127526,3054,-0.171692,0.023482,0.076417,0.083255,0.091148
1622693712566600430,3057,0.063349,0.010358,0.535968,0.525835,0.091089
1622693719604391866,3060,0.188121,0.027707,0.091887,0.084418,0.091031
1622693723517257622,3063,-0.157549,0.023749,0.061131,0.058130,0.090971
1622693729764779360,3066,-0.143299,0.022832,0.215103,0.202842,0.090904
1622693733348743527,3069,0.311061,0.058855,0.074145,0.064498,0.090833
1622693739441568120,3072,-0.076347,0.009865,0.063900,0.065118,0.090759
1622693745517824626,3075,-0.082934,0.013278,0.077968,0.080402,0.090685
1622693750037176720,3078,0.004264,0.008501,0.079363,0.072994,0.090608
1622693757304869020,3081,-0.102314,0.016237,0.075024,0.078759,0.090530
1622693762074056858,3084,0.134542,0.022902,0.089631,0.091628,0.090453
1622693767289245186,3087,0.074842,0.010993,0.216792,0.197907,0.090377
1622693773316181438,3090,-0.164939,0.028090,0.085919,0.088827,0.090302
1622693776641486743,3093,0.004729,0.013146,0.078447,0.081298,0.090229
1622693782138322186,3096,0.110532,0.013219,0.277089,0.274844,0.090160
1622693787102423544,3099,-0.000882,0.006560,0.088319,0.080659,0.090095
1622693793545783659,3102,0.019362,0.011446,0.350266,0.343079,0.090034
1622693798102766277,3105,-0.117689,0.017481,0.218358,0.216008,0.089974
1622693801627896137,3108,-0.111220,0.013629,0.268819,0.268266,0.089914
1622693808345814701,3111,0.211462,0.034541,0.669670,0.659432,0.089854
1622693812655071040,3114,0.048843,0.011707,0.080657,0.072909,0.089794
1622693819086241459,3117,-0.283231,0.051365,0.290642,0.274433,0.089734
1622693825615632348,3120,0.123487,0.016385,0.093751,0.089405,0.089677
1622693830451717833,3123,0.091902,0.013799,0.076315,0.064309,0.089621
1622693836767950548,3126,-0.035385,0.010368,0.264142,0.258883,0.089569
1622693840746321016,3129,0.062418,0.014988,0.268897,0.282272,0.089521
1622693848005682980,3132,-0.094615,0.016171,0.070562,0.068143,0.089475
1622693854477712624,3135,-0.007666,0.009571,0.227814,0.212050,0.089433
1622693859085359722,3138,0.209667,0.036965,0.078024,0.076791,0.089390
1622693864753605178,3141,-0.164889,0.022079,0.075254,0.078284,0.089347
1622693868500403139,3144,-0.041410,0.008394,0.066054,0.063647,0.089300
1622693874674313727,3147,0.034757,0.007044,0.077239,0.067281,0.089251
1622693880390667274,3150,-0.015502,0.008454,0.092536,0.088945,0.089196
1622693883132638783,3153,0.114787,0.017317,0.205868,0.201118,0.089141
1622693889461256405,3156,-0.012424,0.009333,0.480955,0.481183,0.089084
1622693892972946896,3159,-0.043303,0.010148,0.278079,0.280389,0.089025
1622693899203751342,3162,0.030163,0.009307,0.258242,0.258885,0.088967
1622693904338590941,3165,-0.052506,0.009013,0.085511,0.087018,0.088915
1622693907564341284,3168,0.024892,0.016129,0.077579,0.073415,0.088869
1622693914586689911,3171,-0.014204,0.018294,0.301481,0.305520,0.088826
1622693917865592292,3174,-0.026693,0.010167,0.264998,0.270107,0.088784
1622693924276097204,3177,0.014258,0.011628,0.072505,0.069512,0.088742
1622693930901879719,3180,-0.044952,0.013757,0.127153,0.125871,0.088697
1622693935128327197,3183,0.127675,0.017552,0.281047,0.288806,0.088646
1622693941233073346,3186,0.021693,0.011496,0.334877,0.325426,0.088593
1622693945198236035,3189,-0.118825,0.016425,0.085922,0.081324,0.088537
1622693951385285348,3192,-0.047846,0.008994,0.088908,0.090684,0.088480
1622693958217596336,3195,0.195665,0.027498,0.059851,0.059992,0.088424
1622693962182965527,3198,-0.035275,0.009045,0.080210,0.080930,0.088369
1622693968390452219,3201,-0.071730,0.009542,0.063170,0.065940,0.088316
1622693970781508341,3204,-0.011690,0.007618,0.079428,0.075446,0.088265
1622693976529765969,3207,0.013106,0.006892,0.078625,0.086057,0.088215
1622693983891046441,3210,0.116348,0.013967,0.195451,0.190851,0.088165
1622693988803881989,3213,0.009047,0.009578,0.090076,0.090514,0.088115
1622693995884114259,3216,-0.198532,0.032860,0.284097,0.271957,0.088066
1622694000499433824,3219,0.218290,0.034867,0.692828,0.707198,0.088017
1622694006499369430,3222,0.074401,0.011689,0.070194,0.066555,0.087966
1622694013615718683,3225,-0.188731,0.025371,0.088800,0.075687,0.087913
1622694018141358867,3228,0.109142,0.021806,0.323044,0.328662,0.087858
1622694024978870880,3231,-0.090897,0.014530,0.085211,0.082181,0.087801
1622694029759602787,3234,0.103691,0.016426,0.071151,0.081469,0.087745
1622694036265242249,3237,-0.048140,0.013803,0.286722,0.285469,0.087689
1622694042010139306,3240,0.007687,0.008103,0.058682,0.057195,0.087635
1622694046351044854,3243,-0.011763,0.010482,0.256700,0.254061,0.087582
1622694051954373350,3246,-0.020147,0.011906,0.066906,0.067578,0.087530
1622694055779912614,3249,-0.041606,0.008232,0.303942,0.289606,0.087477
1622694063006397968,3252,0.071408,0.011283,0.245106,0.254374,0.087425
1622694069516156910,3255,-0.007282,0.007850,0.213666,0.202320,0.087380
1622694072457429185,3258,-0.135097,0.020367,0.291045,0.270143,0.087337
1622694079050819412,3261,0.138784,0.018522,0.120685,0.119930,0.087290
1622694083300359787,3264,0.045217,0.008826,0.064065,0.062152,0.087244
1622694089207087010,3267,-0.061841,0.009926,0.067497,0.063762,0.087194
1622694095313307021,3270,0.062853,0.010714,0.183148,0.166710,0.087141
1622694099418172809,3273,-0.082506,0.017604,0.505947,0.493317,0.087085
1622694104927420912,3276,0.128877,0.019773,0.294012,0.303260,0.087024
1622694108847284102,3279,-0.080333,0.012948,0.097395,0.104623,0.086958
1622694115909415803,3282,-0.049490,0.009406,0.432419,0.435742,0.086894
1622694122419572034,3285,0.115513,0.017662,0.141608,0.128050,0.086832
1622694126174246787,3288,-0.078579,0.013268,0.314286,0.307322,0.086772
1622694131762398399,3291,-0.040098,0.012754,0.092001,0.085616,0.086719
1622694135067111866,3294,0.056088,0.014819,0.081670,0.080879,0.086670
1622694141850522747,3297,-0.036754,0.014613,0.069298,0.071513,0.086625
1622694146906905842,3300,-0.025603,0.009353,0.084094,0.080100,0.086582
1622694151721083365,3303,0.023339,0.010181,0.317170,0.309117,0.086535
1622694156868080330,3306,0.105669,0.013971,0.256393,0.248842,0.086482
1622694159873945256,3309,-0.207162,0.032626,0.337914,0.332421,0.086422
1622694166779843621,3312,0.150279,0.020723,0.266911,0.267664,0.086356
1622694172636123885,3315,0.000244,0.008272,0.086607,0.080529,0.086286
1622694176724510776,3318,-0.117850,0.015071,0.862962,0.868542,0.086215
1622694181998582872,3321,0.192163,0.029478,0.289796,0.281964,0.086143
1622694185141946108,3324,-0.257303,0.050863,0.093630,0.096583,0.086072
1622694191406640671,3327,0.103731,0.012781,0.470448,0.473134,0.086003
1622694197402042074,3330,0.321001,0.060968,0.281836,0.265091,0.085933
1622694201163130710,3333,-0.345013,0.068659,0.076175,0.087123,0.085863
1622694208532885044,3336,0.015184,0.013699,0.419044,0.403312,0.085793
1622694213209149816,3339,0.097161,0.014476,0.092408,0.086926,0.085723
1622694219657637561,3342,-0.225843,0.035710,0.323832,0.332344,0.085652
1622694226346576847,3345,0.210841,0.035365,0.073888,0.095662,0.085578
1622694230423319337,3348,-0.041032,0.009597,0.062585,0.068782,0.085505
1622694237434971698,3351,-0.138203,0.017542,0.075776,0.075316,0.085434
1622694241620247108,3354,0.208462,0.028799,0.306789,0.319511,0.085365
1622694248828527541,3357,-0.085313,0.016743,0.082139,0.084613,0.085299
1622694255094485901,3360,-0.061220,0.011835,0.104074,0.097947,0.085236
1622694259475658476,3363,0.164064,0.023731,0.085425,0.095120,0.085175
1622694266022663070,3366,0.042240,0.009669,0.305058,0.302104,0.085115
1622694270364665733,3369,-0.177884,0.024327,0.312270,0.311949,0.085056
1622694275342906991,3372,-0.028042,0.010199,0.092646,0.094853,0.084998
1622694280333087338,3375,0.153920,0.018564,0.090460,0.080024,0.084942
1622694285087351091,3378,0.015197,0.016139,0.241301,0.230318,0.084888
1622694289624224366,3381,-0.055187,0.012861,0.065294,0.065503,0.084834
1622694294469096191,3384,-0.062280,0.009022,0.165914,0.166896,0.084778
1622694301421952479,3387,0.029295,0.008301,0.726995,0.711321,0.084718
1622694306964751670,3390,0.135914,0.017844,0.293822,0.301050,0.084654
1622694312035703753,3393,-0.187174,0.041905,0.355162,0.349787,0.084585
1622694318512117330,3396,0.017735,0.010170,0.093075,0.093998,0.084511
1622694322873474759,3399,0.208040,0.040263,0.480956,0.461222,0.084436
1622694328946643999,3402,-0.224885,0.035206,0.502854,0.505151,0.084363
1622694335575362106,3405,-0.045616,0.011224,0.062472,0.064389,0.084292
1622694339723024685,3408,0.017439,0.009004,0.330724,0.330592,0.084225
1622694344896117556,3411,0.123025,0.013933,0.087318,0.086489,0.084161
1622694349161365973,3414,-0.052828,0.011846,0.108169,0.094430,0.084097
1622694354216459703,3417,0.053055,0.008834,0.096939,0.085645,0.084037
1622694358302934895,3420,-0.072497,0.009499,0.074193,0.071926,0.083976
1622694362820293095,3423,-0.059760,0.010857,0.101895,0.101588,0.083913
1622694366527319629,3426,0.278516,0.047567,0.438437,0.449938,0.083847
1622694370965342642,3429,-0.057155,0.013825,0.857656,0.889563,0.083777
1622694376565329177,3432,-0.267357,0.058057,0.578669,0.570943,0.083704
1622694383155212025,3435,0.186884,0.024706,0.108654,0.097564,0.083626
1622694386109710051,3438,0.057374,0.017775,0.138796,0.148551,0.083551
1622694393021276859,3441,-0.006591,0.014936,0.552015,0.546948,0.083482
1622694396345461388,3444,-0.139042,0.019485,0.328196,0.333027,0.083419
1622694402882720130,3447,-0.020449,0.009506,0.258757,0.261352,0.083363
1622694409487725301,3450,0.144731,0.018445,0.075082,0.079834,0.083310
1622694414273180861,3453,-0.079436,0.012763,0.101661,0.098807,0.083259
1622694420678851999,3456,0.010114,0.010375,0.088527,0.085573,0.083208
1622694425236586046,3459,0.062085,0.011208,0.223661,0.235915,0.083154
1622694429886834088,3462,-0.075833,0.010002,0.238158,0.238444,0.083097
1622694436659443917,3465,-0.003503,0.007460,0.063525,0.065346,0.083037
1622694440919370491,3468,0.050144,0.009747,0.331158,0.353612,0.082973
1622694447275554544,3471,0.134370,0.016725,0.467050,0.458612,0.082910
1622694451930374481,3474,-0.222490,0.041294,0.109290,0.118108,0.082845
1622694458200178614,3477,-0.054334,0.011229,0.090471,0.085588,0.082779
1622694463049613010,3480,0.337808,0.082053,0.296116,0.284529,0.082715
1622694465842301543,3483,-0.068017,0.014778,0.316561,0.321549,0.082652
1622694471009901028,3486,-0.188964,0.025349,0.288711,0.282530,0.082592
1622694475119018954,3489,-0.062877,0.011471,1.082146,1.083484,0.082530
1622694480191730821,3492,0.230034,0.033637,0.088382,0.083932,0.082470
1622694487248351446,3495,-0.009400,0.013787,0.294659,0.292058,0.082411
1622694492545909918,3498,-0.055938,0.013982,0.826041,0.823274,0.082354
1622694499124981245,3501,-0.012350,0.015572,0.266804,0.254253,0.082297
1622694502296103990,3504,-0.030158,0.020349,0.448301,0.448769,0.082242
1622694508365836069,3507,0.094907,0.025258,0.106717,0.097246,0.082190
1622694514924733269,3510,-0.203195,0.031745,0.497939,0.490410,0.082142
1622694518407216461,3513,0.079390,0.018536,0.073346,0.079992,0.082092
1622694525733059394,3516,0.106479,0.018500,0.068647,0.070237,0.082041
1622694528021361795,3519,-0.082310,0.019196,0.092373,0.092512,0.081989
1622694534772356949,3522,0.088875,0.012585,0.076991,0.080855,0.081936
1622694541168755617,3525,-0.017445,0.008225,0.076801,0.073008,0.081881
1622694546274962056,3528,-0.086118,0.010494,0.750022,0.747904,0.081825
1622694552566388680,3531,0.047020,0.010360,0.077503,0.078641,0.081766
1622694556298072556,3534,-0.075776,0.012564,0.293034,0.287767,0.081706
1622694561042308525,3537,0.124552,0.017695,0.235005,0.236010,0.081644
1622694568026806964,3540,-0.027674,0.008691,0.263101,0.249055,0.081584
1622694572757154319,3543,-0.111679,0.016500,0.475218,0.474461,0.081522
1622694579040394971,3546,0.110093,0.014928,0.538164,0.541122,0.081462
1622694582341966869,3549,0.236409,0.040301,0.308579,0.309013,0.081402
1622694588424707225,3552,-0.348497,0.072393,0.077501,0.081263,0.081341
1622694595440768951,3555,-0.115789,0.016251,0.112097,0.111160,0.081280
1622694599551414424,3558,0.426176,0.130927,0.306025,0.309410,0.081218
1622694606057193610,3561,-0.122174,0.015553,0.087300,0.079491,0.081161
1622694610634440259,3564,-0.134885,0.021407,0.834943,0.838377,0.081107
1622694617673748703,3567,0.059289,0.009439,0.101315,0.088399,0.081056
1622694622657234813,3570,-0.142528,0.018360,0.380813,0.400180,0.081013
1622694626478807070,3573,0.254727,0.046685,0.301487,0.312496,0.080974
1622694633101226933,3576,0.007992,0.008162,0.216801,0.208988,0.080935
1622694637675011904,3579,-0.289915,0.057375,0.277805,0.286338,0.080898
1622694643524287915,3582,0.155935,0.021277,0.276912,0.286273,0.080863
1622694649264456721,3585,-0.007187,0.010517,0.419890,0.418879,0.080826
1622694652161600649,3588,-0.092661,0.016571,0.537359,0.522948,0.080792
1622694658403778441,3591,0.097502,0.022217,0.124715,0.129642,0.080756
1622694662448680228,3594,-0.236089,0.037798,0.278766,0.282664,0.080721
1622694669011284195,3597,0.173440,0.023836,0.289718,0.288098,0.080686
1622694674201545926,3600,0.163309,0.020443,0.059665,0.056105,0.080650
1622694679341487445,3603,-0.202008,0.035843,0.276213,0.283167,0.080612
1622694685176214791,3606,-0.013293,0.010329,0.083776,0.077260,0.080573
1622694690015634267,3609,0.202557,0.029266,0.678154,0.673263,0.080531
1622694696867342849,3612,-0.113785,0.013943,0.174135,0.179460,0.080486
1622694703146017152,3615,-0.092073,0.013315,0.310909,0.296595,0.080437
1622694706656311835,3618,0.183773,0.026795,0.286739,0.294704,0.080385
1622694713761058986,3621,-0.087135,0.012784,0.098607,0.087600,0.080335
1622694717661960278,3624,-0.166829,0.020096,0.072663,0.062118,0.080287
1622694724317036411,3627,0.251427,0.044247,0.347434,0.353923,0.080243
1622694731078802823,3630,0.009385,0.008873,0.287279,0.288406,0.080204
1622694734929074752,3633,-0.259796,0.047679,0.295993,0.289881,0.080171
1622694740327597957,3636,0.203216,0.030382,0.529526,0.523515,0.080141
1622694743686710828,3639,0.110437,0.015581,0.069621,0.062231,0.080112
1622694750147953803,3642,-0.246391,0.039634,0.094503,0.088892,0.080082
1622694756439571793,3645,0.078012,0.011536,0.097567,0.099420,0.080048
1622694761218869598,3648,0.033475,0.010121,0.425680,0.429047,0.080010
1622694768175414314,3651,-0.076055,0.013758,0.289273,0.265935,0.079967
1622694772027061620,3654,0.244843,0.038877,0.074865,0.077846,0.079921
1622694777515227610,3657,-0.145462,0.022392,0.087403,0.075851,0.079870
1622694784521969009,3660,-0.231085,0.034526,0.511426,0.481957,0.079815
1622694787759389532,3663,0.410207,0.107378,0.243741,0.248166,0.079763
1622694793169390502,3666,-0.132151,0.016633,0.289648,0.298284,0.079716
1622694795989477301,3669,-0.278865,0.051998,0.067841,0.052844,0.079675
1622694802618357089,3672,0.283357,0.048361,0.285073,0.282620,0.079639
1622694808511822613,3675,0.098629,0.014583,0.541192,0.534862,0.079607
1622694813634003316,3678,-0.236036,0.041619,0.481518,0.469083,0.079575
1622694819268286544,3681,0.044057,0.013996,0.337165,0.329314,0.079539
1622694822954693297,3684,-0.038935,0.011731,0.052846,0.051762,0.079500
1622694828948046847,3687,-0.028295,0.012329,0.076665,0.064576,0.079458
1622694834812921105,3690,0.136358,0.018210,0.081517,0.083386,0.079408
1622694837839381016,3693,-0.053220,0.018653,0.300505,0.308823,0.079353
1622694843731288056,3696,-0.082513,0.023470,0.520952,0.546622,0.079297
1622694848281547131,3699,0.095091,0.012800,0.075604,0.079763,0.079245
1622694854331434057,3702,-0.085819,0.014932,0.113805,0.117989,0.079198
1622694860880542715,3705,0.089303,0.021263,0.257720,0.255675,0.079159
1622694865219900388,3708,-0.004709,0.025087,0.602895,0.606495,0.079126
1622694872108936892,3711,-0.162726,0.030899,0.098137,0.095365,0.079099
1622694876016007796,3714,0.022303,0.010327,0.193629,0.203895,0.079078
1622694883142225575,3717,0.085598,0.014498,0.092874,0.089621,0.079060
1622694889165761633,3720,0.001188,0.015012,0.102392,0.099663,0.079044
1622694891910476670,3723,0.168667,0.028951,0.283812,0.298178,0.079027
1622694898362531531,3726,-0.109816,0.024613,0.237893,0.255655,0.079007
1622694902813446597,3729,-0.167061,0.030709,0.196961,0.208047,0.078981
1622694909257347184,3732,0.194560,0.034101,0.067299,0.065498,0.078949
1622694915457603138,3735,0.060345,0.018048,0.103601,0.088624,0.078913
1622694919977165935,3738,-0.169932,0.032961,0.352776,0.354990,0.078873
1622694926736156880,3741,0.032723,0.013199,0.072742,0.078079,0.078834
1622694931444063986,3744,0.022544,0.010250,0.061448,0.057732,0.078796
1622694937746639903,3747,-0.046400,0.013414,0.060630,0.069060,0.078762
1622694944766799625,3750,0.005008,0.008552,0.087368,0.087927,0.078731
1622694948713981211,3753,0.159138,0.025383,0.392891,0.390549,0.078702
1622694954198391186,3756,-0.155156,0.022554,0.091181,0.088453,0.078674
1622694956240855829,3759,-0.023278,0.014610,0.243723,0.246014,0.078647
1622694962748051903,3762,0.180234,0.029161,0.367068,0.390102,0.078618
1622694968752289172,3765,-0.204515,0.028299,0.308602,0.310590,0.078589
1622694972241659874,3768,0.058322,0.010994,0.288665,0.294656,0.078558
1622694977384137663,3771,0.125115,0.015064,0.240671,0.259668,0.078523
1622694980966811301,3774,-0.090576,0.013219,0.246563,0.245500,0.078484
1622694988648771554,3777,0.069811,0.011385,0.084344,0.087794,0.078443
